ID	CN18FBP1pr	CN18FBP2pr	CN18FBP3pr	CN18Fc12_8_eDNA	CN18Fc19_5_eDNA	CN18Fc21_6_eDNA	CN18Fc22_6_eDNA	CN18Fc24_6_eDNA	CN18Fc25_5_eDNA	CN18Fc27_4_eDNA	CN18Fc29_6_eDNA	CN18Fc30_4_eDNA	CN18Fc32_4_eDNA	CN18Fc33_5_eDNA	CN18Fc36_6_eDNA	CN18Fc38_5_eDNA	CN18Fc40_6_eDNA	CN18Fc41_6_eDNA	CN18Fc43_5_eDNA	CN18Fc44_8_eDNA	CN18Fc46_8_eDNA	CN18Fc47_6_eDNA	CN18Fc49_6_eDNA	CN18Fc51_5_eDNA	CN18FESPkoa_SC1	CN18FESPkoa_SC24	CN18FESPkoa_SC26	CN18FESPkoa_SC29	CN18FESPkoa_SC30	CN18FESPkoa_SC31	CN18FESPkoa_SC32	CN18FESPkoa_SC34	CN18FESPkoa_SC37	CN18FESPkoa_SC40	CN18FESPkoa_SC41	CN18FESPkoa_SC43	CN18FESPkoa_SC44	CN18FESPkoa_SC46	CN18FESPkoa_SC47	CN18FESPkoa_SC49	CN18FESPkoa_SC52	CN18FESPkoa_SC53	CN18FESPkoa_SC55	CN18FESPkoa_SC56	CN18FESPkoa_SC57	CN18FESPkoa_SC58	CN18FESPkoa_SC60	CN18S_koa3G_BP1	CN18S_koa3G_BP2	CN18S_koa3G_BP3	CN18S_koa3G_SC29	CN18S_koa3G_SC30	CN18S_koa3G_SC31	CN18S_koa3G_SC60	CN18Sc09_2_eDNA	CN18Sc10_2_eDNA	CN18Sc14_2_eDNA	CN18Sc14_8_eDNA	CN18Sc15_2_eDNA	CN18Sc15_8_eDNA	CN18Sc18_2_eDNA	CN18Sc18_8_eDNA	CN18Sc27_2_eDNA	CN18Sc27_8_eDNA	CN18SESPkoa_SC36	CN18SESPkoa_SC37	CN18SESPkoa_SC39	CN18SESPkoa_SC40	CN18SESPkoa_SC41	CN18SESPkoa_SC42	CN18SESPkoa_SC44	CN18SESPkoa_SC45	CN18SESPkoa_SC47	CN18SESPkoa_SC49
d__Archaea;p__Crenarchaeota	30.0	19.0	22.0	821.0	11712.0	14216.0	12946.0	11127.0	20770.0	293.0	12799.0	14575.0	4164.0	14470.0	15131.0	13790.0	12976.0	14094.0	13646.0	12636.0	10388.0	13261.0	12233.0	7185.0	7.0	11114.0	14457.0	14472.0	9571.0	13622.0	14618.0	13316.0	5465.0	17823.0	17838.0	16587.0	13046.0	12131.0	15487.0	16309.0	16553.0	17194.0	10120.0	16014.0	11253.0	13026.0	22.0	15.0	10.0	7.0	0.0	0.0	23.0	16.0	19104.0	19090.0	22197.0	13226.0	18334.0	175.0	19628.0	2833.0	19034.0	1030.0	14517.0	13753.0	226.0	16473.0	367.0	18236.0	54.0	18106.0	16409.0	17603.0
d__Archaea;p__Halobacterota	0.0	0.0	0.0	0.0	0.0	0.0	0.0	0.0	0.0	0.0	0.0	0.0	0.0	0.0	0.0	0.0	0.0	0.0	0.0	0.0	0.0	0.0	0.0	0.0	0.0	0.0	0.0	0.0	0.0	0.0	0.0	0.0	0.0	0.0	0.0	0.0	0.0	0.0	0.0	0.0	0.0	0.0	0.0	0.0	0.0	0.0	0.0	0.0	0.0	0.0	0.0	0.0	0.0	0.0	0.0	0.0	0.0	0.0	0.0	0.0	0.0	0.0	3.0	0.0	0.0	0.0	0.0	2.0	0.0	0.0	0.0	2.0	0.0	0.0
d__Archaea;p__Nanoarchaeota	0.0	0.0	0.0	0.0	0.0	4.0	4.0	3.0	5.0	0.0	3.0	7.0	3.0	4.0	3.0	2.0	0.0	0.0	5.0	3.0	0.0	0.0	0.0	0.0	0.0	0.0	2.0	0.0	0.0	2.0	0.0	0.0	0.0	0.0	0.0	0.0	5.0	0.0	0.0	0.0	2.0	0.0	0.0	0.0	0.0	0.0	0.0	0.0	0.0	0.0	0.0	0.0	0.0	0.0	101.0	112.0	183.0	75.0	93.0	0.0	240.0	30.0	196.0	8.0	31.0	55.0	0.0	117.0	0.0	71.0	0.0	103.0	165.0	70.0
d__Archaea;p__Thermoplasmatota	1235.0	719.0	1080.0	225.0	2076.0	4021.0	3489.0	2456.0	7466.0	51.0	6850.0	4341.0	1446.0	5391.0	3858.0	3683.0	3245.0	3993.0	3753.0	4277.0	2100.0	1902.0	2581.0	1583.0	0.0	1506.0	2219.0	1242.0	1302.0	3489.0	2333.0	2091.0	911.0	1581.0	2242.0	2019.0	3406.0	2205.0	2749.0	2493.0	1706.0	2605.0	1526.0	3031.0	2048.0	1842.0	370.0	45.0	45.0	96.0	0.0	0.0	0.0	75.0	5192.0	5775.0	7516.0	4207.0	5293.0	119.0	5834.0	4522.0	5914.0	94.0	17531.0	4551.0	2153.0	5660.0	417.0	5913.0	38.0	5712.0	6709.0	6049.0
d__Bacteria;__	49.0	40.0	55.0	10.0	62.0	131.0	88.0	123.0	244.0	5.0	200.0	166.0	48.0	147.0	103.0	142.0	170.0	119.0	143.0	133.0	83.0	78.0	85.0	50.0	0.0	62.0	111.0	81.0	68.0	224.0	95.0	128.0	97.0	160.0	153.0	145.0	130.0	132.0	90.0	122.0	125.0	126.0	79.0	156.0	155.0	224.0	9.0	6.0	4.0	4.0	0.0	0.0	0.0	3.0	73.0	81.0	77.0	114.0	109.0	3.0	105.0	64.0	84.0	27.0	589.0	103.0	23.0	73.0	28.0	110.0	2.0	52.0	131.0	101.0
d__Bacteria;p__Acidobacteriota	5.0	6.0	0.0	0.0	0.0	2.0	0.0	0.0	0.0	0.0	0.0	0.0	0.0	2.0	0.0	0.0	2.0	0.0	0.0	0.0	0.0	0.0	0.0	0.0	0.0	0.0	0.0	0.0	0.0	0.0	0.0	0.0	0.0	0.0	0.0	0.0	0.0	0.0	0.0	0.0	0.0	0.0	0.0	0.0	0.0	0.0	0.0	0.0	0.0	0.0	0.0	0.0	3.0	0.0	64.0	68.0	106.0	37.0	56.0	0.0	92.0	8.0	122.0	0.0	14.0	60.0	0.0	76.0	0.0	55.0	0.0	52.0	77.0	76.0
d__Bacteria;p__Actinobacteriota	3994.0	3030.0	3855.0	229.0	2571.0	3505.0	2797.0	3039.0	4091.0	138.0	2330.0	2657.0	1072.0	3339.0	3570.0	3738.0	3655.0	2219.0	3305.0	3136.0	2641.0	2692.0	2661.0	1781.0	39.0	1333.0	1387.0	2754.0	2625.0	5565.0	3865.0	4048.0	2088.0	4335.0	4869.0	4902.0	3908.0	4194.0	3518.0	5010.0	3642.0	4830.0	2977.0	5163.0	4015.0	4856.0	797.0	343.0	478.0	486.0	35.0	14.0	8.0	186.0	2571.0	2623.0	3833.0	1628.0	2404.0	696.0	2269.0	2892.0	3102.0	2558.0	6962.0	2193.0	622.0	1943.0	603.0	1720.0	45.0	1495.0	2717.0	1775.0
d__Bacteria;p__AncK6	0.0	0.0	0.0	0.0	0.0	0.0	0.0	0.0	0.0	0.0	0.0	0.0	0.0	0.0	0.0	0.0	0.0	0.0	0.0	0.0	0.0	0.0	0.0	0.0	0.0	0.0	0.0	0.0	0.0	0.0	0.0	0.0	0.0	0.0	0.0	0.0	0.0	0.0	0.0	0.0	0.0	0.0	0.0	0.0	0.0	0.0	0.0	0.0	0.0	0.0	0.0	0.0	0.0	0.0	5.0	7.0	0.0	5.0	0.0	0.0	0.0	0.0	10.0	0.0	0.0	4.0	0.0	5.0	0.0	0.0	0.0	0.0	7.0	7.0
d__Bacteria;p__Bacteroidota	11838.0	9387.0	11808.0	446.0	4987.0	5975.0	5638.0	6262.0	8914.0	206.0	5800.0	5596.0	1914.0	6907.0	6173.0	7068.0	8381.0	6016.0	7042.0	6622.0	5328.0	5525.0	6184.0	4810.0	715.0	3999.0	8576.0	7777.0	4525.0	10136.0	7639.0	7434.0	4344.0	11254.0	8604.0	8989.0	7496.0	7897.0	6888.0	8780.0	9906.0	9342.0	5352.0	8196.0	7078.0	8861.0	14174.0	23164.0	29000.0	24773.0	40.0	168.0	655.0	12039.0	3994.0	3651.0	4938.0	4142.0	3826.0	16386.0	5542.0	17143.0	4062.0	17235.0	45666.0	3658.0	7572.0	3938.0	12309.0	5364.0	1180.0	4137.0	4816.0	4388.0
d__Bacteria;p__Bdellovibrionota	39.0	48.0	53.0	21.0	219.0	416.0	282.0	337.0	683.0	3.0	464.0	439.0	104.0	393.0	284.0	397.0	391.0	291.0	365.0	327.0	237.0	210.0	205.0	125.0	30.0	79.0	158.0	182.0	120.0	376.0	146.0	216.0	111.0	335.0	304.0	307.0	294.0	249.0	244.0	254.0	273.0	258.0	138.0	251.0	287.0	300.0	25.0	11.0	23.0	20.0	26.0	19.0	25.0	21.0	188.0	216.0	237.0	159.0	274.0	127.0	247.0	311.0	244.0	193.0	1193.0	256.0	60.0	235.0	116.0	260.0	5.0	189.0	300.0	251.0
d__Bacteria;p__Campilobacterota	0.0	0.0	0.0	0.0	0.0	0.0	7.0	4.0	0.0	0.0	3.0	4.0	0.0	0.0	0.0	0.0	7.0	0.0	3.0	5.0	4.0	0.0	2.0	0.0	30.0	0.0	3.0	0.0	0.0	0.0	2.0	5.0	2.0	7.0	5.0	0.0	0.0	0.0	0.0	0.0	7.0	3.0	7.0	8.0	2.0	2.0	0.0	29.0	33.0	32.0	0.0	0.0	7.0	31.0	9.0	2.0	6.0	0.0	0.0	0.0	23.0	0.0	31.0	2.0	13.0	0.0	3.0	0.0	2.0	8.0	0.0	0.0	13.0	0.0
d__Bacteria;p__Chloroflexi	0.0	0.0	0.0	25.0	126.0	428.0	222.0	246.0	738.0	0.0	530.0	534.0	128.0	486.0	284.0	389.0	277.0	307.0	420.0	321.0	178.0	215.0	228.0	96.0	0.0	58.0	119.0	125.0	110.0	395.0	150.0	223.0	134.0	193.0	312.0	284.0	252.0	328.0	234.0	233.0	232.0	311.0	108.0	227.0	286.0	228.0	0.0	0.0	0.0	0.0	0.0	8.0	0.0	0.0	156.0	183.0	204.0	93.0	166.0	0.0	165.0	6.0	233.0	2.0	62.0	163.0	2.0	169.0	0.0	161.0	0.0	156.0	187.0	147.0
d__Bacteria;p__Cyanobacteria	11495.0	9149.0	11439.0	16.0	351.0	249.0	394.0	497.0	282.0	23.0	375.0	233.0	76.0	473.0	288.0	395.0	839.0	394.0	455.0	525.0	1297.0	532.0	1258.0	1361.0	16.0	1410.0	1780.0	813.0	540.0	952.0	583.0	712.0	338.0	935.0	641.0	726.0	477.0	435.0	509.0	494.0	606.0	699.0	254.0	382.0	350.0	394.0	17153.0	398.0	506.0	417.0	0.0	0.0	2.0	114.0	20.0	12.0	29.0	16.0	18.0	183.0	28.0	173.0	25.0	290.0	669.0	13.0	92.0	13.0	90.0	29.0	7.0	11.0	20.0	16.0
d__Bacteria;p__Dadabacteria	0.0	0.0	0.0	7.0	61.0	163.0	88.0	103.0	305.0	0.0	191.0	167.0	38.0	139.0	114.0	130.0	85.0	120.0	154.0	151.0	71.0	89.0	60.0	33.0	0.0	26.0	127.0	107.0	67.0	199.0	103.0	129.0	57.0	193.0	145.0	132.0	131.0	137.0	110.0	145.0	193.0	161.0	78.0	119.0	138.0	110.0	0.0	0.0	0.0	0.0	0.0	0.0	0.0	0.0	0.0	0.0	0.0	0.0	0.0	0.0	0.0	4.0	0.0	4.0	31.0	0.0	0.0	0.0	0.0	5.0	0.0	0.0	0.0	0.0
d__Bacteria;p__Deferrisomatota	0.0	0.0	0.0	0.0	0.0	0.0	0.0	0.0	0.0	0.0	0.0	0.0	0.0	0.0	0.0	0.0	0.0	0.0	0.0	0.0	0.0	0.0	0.0	0.0	0.0	0.0	0.0	0.0	0.0	0.0	0.0	0.0	0.0	0.0	0.0	0.0	0.0	0.0	0.0	0.0	0.0	0.0	0.0	0.0	0.0	0.0	0.0	0.0	0.0	0.0	0.0	0.0	0.0	0.0	0.0	0.0	0.0	3.0	0.0	0.0	0.0	0.0	0.0	0.0	0.0	0.0	0.0	0.0	0.0	0.0	0.0	0.0	0.0	0.0
d__Bacteria;p__Deinococcota	0.0	0.0	0.0	0.0	0.0	0.0	0.0	0.0	0.0	0.0	0.0	0.0	0.0	0.0	0.0	0.0	0.0	0.0	0.0	0.0	0.0	0.0	0.0	0.0	0.0	0.0	0.0	0.0	0.0	0.0	0.0	0.0	0.0	0.0	0.0	0.0	0.0	0.0	0.0	0.0	0.0	0.0	0.0	0.0	0.0	0.0	0.0	0.0	0.0	0.0	20.0	39.0	0.0	0.0	0.0	0.0	0.0	0.0	0.0	0.0	0.0	0.0	0.0	0.0	0.0	0.0	0.0	0.0	0.0	0.0	0.0	0.0	0.0	2.0
d__Bacteria;p__Dependentiae	3.0	0.0	0.0	0.0	0.0	0.0	0.0	0.0	4.0	0.0	3.0	0.0	0.0	4.0	0.0	0.0	5.0	0.0	0.0	9.0	3.0	0.0	5.0	0.0	0.0	2.0	3.0	3.0	0.0	0.0	2.0	0.0	0.0	2.0	3.0	0.0	0.0	4.0	0.0	5.0	3.0	0.0	0.0	2.0	2.0	0.0	0.0	3.0	0.0	8.0	0.0	0.0	0.0	5.0	9.0	2.0	6.0	4.0	4.0	0.0	10.0	3.0	0.0	0.0	40.0	5.0	2.0	6.0	6.0	11.0	0.0	4.0	11.0	8.0
d__Bacteria;p__Desulfobacterota	30.0	29.0	37.0	13.0	136.0	175.0	150.0	183.0	324.0	0.0	203.0	210.0	52.0	190.0	125.0	177.0	229.0	169.0	207.0	156.0	154.0	99.0	101.0	90.0	0.0	70.0	151.0	137.0	98.0	235.0	153.0	196.0	74.0	227.0	225.0	219.0	203.0	197.0	159.0	154.0	252.0	198.0	148.0	193.0	206.0	247.0	17.0	88.0	77.0	76.0	0.0	0.0	2.0	103.0	98.0	155.0	158.0	160.0	129.0	29.0	177.0	179.0	147.0	89.0	612.0	159.0	50.0	165.0	84.0	203.0	0.0	149.0	238.0	199.0
d__Bacteria;p__Fibrobacterota	0.0	2.0	0.0	0.0	5.0	6.0	4.0	6.0	11.0	0.0	7.0	15.0	0.0	17.0	5.0	7.0	17.0	4.0	8.0	11.0	6.0	8.0	0.0	0.0	2.0	0.0	5.0	5.0	5.0	6.0	5.0	10.0	0.0	7.0	8.0	8.0	5.0	8.0	4.0	3.0	12.0	11.0	4.0	5.0	11.0	6.0	0.0	0.0	0.0	0.0	0.0	0.0	5.0	0.0	6.0	5.0	10.0	0.0	2.0	0.0	9.0	38.0	9.0	2.0	68.0	10.0	6.0	13.0	0.0	6.0	0.0	0.0	3.0	7.0
d__Bacteria;p__Firmicutes	54.0	53.0	61.0	0.0	0.0	42.0	18.0	12.0	42.0	0.0	15.0	34.0	15.0	61.0	54.0	87.0	25.0	32.0	73.0	57.0	12.0	15.0	18.0	0.0	154.0	39.0	32.0	49.0	27.0	41.0	61.0	79.0	44.0	56.0	59.0	44.0	76.0	0.0	38.0	50.0	40.0	77.0	7.0	34.0	30.0	100.0	57.0	178.0	46.0	43.0	55.0	89.0	70.0	25.0	69.0	35.0	160.0	36.0	81.0	24.0	88.0	61.0	81.0	35.0	308.0	44.0	39.0	73.0	54.0	57.0	0.0	102.0	37.0	20.0
d__Bacteria;p__Fusobacteriota	0.0	0.0	0.0	0.0	0.0	0.0	0.0	0.0	0.0	0.0	0.0	0.0	0.0	0.0	0.0	0.0	0.0	0.0	0.0	0.0	0.0	0.0	0.0	0.0	0.0	0.0	0.0	0.0	0.0	0.0	0.0	0.0	0.0	0.0	0.0	0.0	0.0	0.0	0.0	0.0	0.0	0.0	0.0	0.0	0.0	0.0	0.0	0.0	0.0	0.0	0.0	0.0	0.0	0.0	0.0	0.0	2.0	0.0	0.0	0.0	0.0	0.0	4.0	0.0	0.0	2.0	0.0	0.0	0.0	0.0	0.0	0.0	0.0	0.0
d__Bacteria;p__Gemmatimonadota	0.0	0.0	0.0	0.0	16.0	16.0	12.0	12.0	23.0	0.0	14.0	18.0	4.0	31.0	14.0	11.0	10.0	18.0	8.0	12.0	6.0	7.0	3.0	9.0	0.0	11.0	16.0	10.0	10.0	20.0	15.0	22.0	10.0	12.0	14.0	16.0	8.0	7.0	12.0	16.0	21.0	15.0	13.0	8.0	11.0	14.0	0.0	0.0	0.0	0.0	0.0	0.0	0.0	0.0	31.0	34.0	50.0	23.0	23.0	0.0	28.0	4.0	59.0	0.0	10.0	36.0	0.0	41.0	0.0	29.0	0.0	39.0	44.0	47.0
d__Bacteria;p__Hydrogenedentes	0.0	0.0	0.0	0.0	4.0	3.0	0.0	4.0	3.0	0.0	0.0	7.0	0.0	0.0	0.0	2.0	14.0	0.0	4.0	5.0	4.0	0.0	6.0	0.0	0.0	5.0	3.0	0.0	3.0	10.0	3.0	9.0	5.0	13.0	3.0	4.0	7.0	4.0	4.0	5.0	2.0	5.0	4.0	7.0	6.0	8.0	0.0	0.0	0.0	0.0	0.0	0.0	0.0	0.0	0.0	0.0	0.0	0.0	0.0	0.0	0.0	0.0	0.0	0.0	0.0	0.0	0.0	0.0	0.0	3.0	0.0	0.0	0.0	0.0
d__Bacteria;p__Latescibacterota	0.0	0.0	0.0	0.0	0.0	0.0	0.0	0.0	0.0	0.0	0.0	0.0	0.0	0.0	0.0	0.0	0.0	0.0	0.0	0.0	0.0	0.0	0.0	0.0	0.0	0.0	0.0	0.0	0.0	0.0	0.0	0.0	0.0	0.0	0.0	0.0	0.0	0.0	0.0	0.0	0.0	0.0	0.0	0.0	0.0	0.0	0.0	0.0	0.0	0.0	0.0	0.0	0.0	0.0	0.0	0.0	0.0	0.0	0.0	0.0	0.0	0.0	0.0	0.0	0.0	0.0	0.0	0.0	0.0	0.0	0.0	2.0	0.0	0.0
d__Bacteria;p__Margulisbacteria	3.0	5.0	0.0	0.0	3.0	5.0	7.0	0.0	15.0	0.0	7.0	11.0	0.0	9.0	7.0	5.0	10.0	4.0	5.0	0.0	0.0	8.0	2.0	0.0	0.0	0.0	4.0	0.0	0.0	12.0	0.0	3.0	0.0	7.0	7.0	2.0	7.0	0.0	2.0	3.0	8.0	4.0	2.0	0.0	10.0	6.0	0.0	3.0	0.0	3.0	0.0	0.0	0.0	4.0	0.0	7.0	11.0	6.0	5.0	0.0	8.0	2.0	13.0	0.0	14.0	7.0	2.0	16.0	0.0	11.0	0.0	7.0	17.0	12.0
d__Bacteria;p__Marinimicrobia_(SAR406_clade)	301.0	221.0	290.0	131.0	1319.0	2358.0	1671.0	1743.0	3877.0	33.0	3106.0	2817.0	813.0	2363.0	1625.0	2071.0	1964.0	1875.0	2285.0	2005.0	1217.0	1429.0	1373.0	813.0	0.0	240.0	511.0	572.0	439.0	1766.0	431.0	712.0	385.0	766.0	1218.0	1086.0	1016.0	1102.0	734.0	1090.0	822.0	1221.0	512.0	1298.0	1543.0	1120.0	350.0	0.0	3.0	2.0	0.0	0.0	3.0	3.0	2107.0	2504.0	2951.0	1626.0	2233.0	47.0	2107.0	510.0	2932.0	101.0	5146.0	2658.0	349.0	2998.0	248.0	2770.0	11.0	2498.0	3510.0	2946.0
d__Bacteria;p__Myxococcota	4.0	5.0	0.0	3.0	85.0	118.0	68.0	96.0	240.0	3.0	163.0	156.0	49.0	145.0	101.0	118.0	141.0	108.0	124.0	148.0	99.0	84.0	83.0	32.0	0.0	43.0	69.0	80.0	49.0	149.0	64.0	101.0	63.0	121.0	134.0	100.0	123.0	97.0	102.0	108.0	108.0	119.0	74.0	125.0	119.0	132.0	0.0	2.0	0.0	0.0	0.0	3.0	6.0	0.0	122.0	119.0	147.0	84.0	111.0	0.0	124.0	69.0	170.0	6.0	465.0	138.0	5.0	166.0	21.0	150.0	3.0	120.0	181.0	177.0
d__Bacteria;p__NB1-j	0.0	0.0	0.0	8.0	47.0	111.0	73.0	67.0	187.0	5.0	98.0	120.0	45.0	100.0	71.0	106.0	111.0	84.0	94.0	88.0	52.0	56.0	54.0	37.0	0.0	26.0	61.0	84.0	35.0	147.0	55.0	80.0	73.0	90.0	89.0	97.0	119.0	108.0	54.0	78.0	125.0	102.0	49.0	107.0	100.0	97.0	0.0	0.0	0.0	0.0	0.0	0.0	3.0	0.0	86.0	123.0	128.0	73.0	115.0	0.0	114.0	21.0	154.0	19.0	116.0	129.0	0.0	126.0	0.0	107.0	0.0	99.0	132.0	137.0
d__Bacteria;p__Nitrospinota	0.0	0.0	0.0	52.0	369.0	691.0	431.0	470.0	1119.0	25.0	642.0	780.0	240.0	684.0	440.0	587.0	506.0	489.0	633.0	522.0	338.0	274.0	314.0	157.0	0.0	243.0	580.0	494.0	306.0	996.0	466.0	656.0	389.0	825.0	604.0	714.0	627.0	726.0	487.0	594.0	855.0	677.0	502.0	626.0	658.0	924.0	0.0	0.0	2.0	0.0	0.0	3.0	0.0	0.0	602.0	583.0	620.0	401.0	557.0	8.0	545.0	39.0	519.0	14.0	457.0	638.0	0.0	670.0	0.0	621.0	0.0	593.0	749.0	721.0
d__Bacteria;p__PAUC34f	0.0	0.0	0.0	8.0	28.0	63.0	31.0	47.0	135.0	0.0	67.0	82.0	16.0	60.0	45.0	51.0	56.0	55.0	57.0	54.0	34.0	37.0	33.0	23.0	0.0	24.0	30.0	55.0	32.0	101.0	54.0	92.0	57.0	87.0	69.0	76.0	65.0	87.0	42.0	88.0	90.0	71.0	31.0	75.0	79.0	77.0	0.0	0.0	0.0	0.0	0.0	0.0	0.0	0.0	14.0	13.0	41.0	14.0	31.0	0.0	25.0	0.0	49.0	0.0	15.0	19.0	0.0	38.0	0.0	28.0	0.0	23.0	47.0	48.0
d__Bacteria;p__Patescibacteria	0.0	0.0	0.0	0.0	2.0	3.0	0.0	4.0	5.0	0.0	5.0	0.0	0.0	0.0	0.0	2.0	3.0	0.0	5.0	5.0	0.0	3.0	0.0	0.0	0.0	0.0	0.0	0.0	2.0	0.0	0.0	0.0	0.0	0.0	2.0	0.0	0.0	0.0	3.0	3.0	0.0	2.0	0.0	2.0	6.0	0.0	0.0	5.0	10.0	4.0	14.0	11.0	61.0	0.0	8.0	13.0	5.0	6.0	7.0	367.0	15.0	11.0	6.0	206.0	94.0	6.0	12.0	0.0	88.0	14.0	0.0	3.0	18.0	14.0
d__Bacteria;p__Planctomycetota	598.0	481.0	530.0	112.0	1049.0	1533.0	1412.0	1460.0	2642.0	39.0	1898.0	1655.0	633.0	1919.0	1415.0	1615.0	1821.0	1416.0	1626.0	1514.0	1252.0	931.0	1000.0	687.0	27.0	927.0	1776.0	1278.0	987.0	2298.0	1371.0	1811.0	933.0	2619.0	1982.0	2013.0	1906.0	1931.0	1484.0	1664.0	2659.0	2038.0	1462.0	1865.0	1817.0	2268.0	780.0	115.0	172.0	128.0	0.0	3.0	23.0	52.0	1031.0	1126.0	1197.0	1065.0	1060.0	662.0	1133.0	1160.0	1027.0	1647.0	3796.0	1069.0	220.0	1269.0	431.0	1354.0	53.0	1051.0	1470.0	1368.0
d__Bacteria;p__Poribacteria	0.0	0.0	0.0	0.0	0.0	0.0	0.0	0.0	0.0	0.0	0.0	0.0	0.0	0.0	0.0	0.0	0.0	0.0	0.0	0.0	0.0	0.0	0.0	0.0	0.0	0.0	0.0	0.0	0.0	0.0	0.0	0.0	0.0	0.0	0.0	0.0	0.0	0.0	0.0	0.0	0.0	0.0	0.0	0.0	0.0	0.0	0.0	0.0	0.0	0.0	0.0	0.0	0.0	0.0	3.0	5.0	4.0	0.0	3.0	0.0	0.0	0.0	0.0	0.0	0.0	10.0	0.0	6.0	0.0	6.0	0.0	7.0	5.0	2.0
d__Bacteria;p__Proteobacteria	28896.0	23006.0	28000.0	2016.0	18473.0	28890.0	21670.0	22267.0	45409.0	665.0	31442.0	29429.0	9766.0	30957.0	25170.0	27823.0	29684.0	23841.0	29109.0	26026.0	22170.0	19440.0	20129.0	16011.0	70615.0	18355.0	26393.0	22413.0	15066.0	34423.0	24749.0	25224.0	13345.0	35869.0	30969.0	30697.0	26655.0	26906.0	23478.0	28673.0	32693.0	31256.0	17417.0	27159.0	23799.0	28919.0	23218.0	17917.0	20398.0	23211.0	6633.0	14252.0	50622.0	14662.0	25048.0	27163.0	31092.0	21739.0	27869.0	14875.0	28550.0	34798.0	27526.0	17657.0	137041.0	22304.0	15937.0	21858.0	19242.0	25579.0	1349.0	23028.0	25654.0	22949.0
d__Bacteria;p__SAR324_clade(Marine_group_B)	68.0	23.0	49.0	49.0	656.0	986.0	820.0	700.0	1544.0	8.0	1223.0	1056.0	276.0	1054.0	839.0	833.0	710.0	820.0	909.0	649.0	605.0	671.0	679.0	415.0	0.0	566.0	851.0	936.0	483.0	1110.0	984.0	774.0	315.0	1183.0	1141.0	1052.0	1019.0	719.0	944.0	1306.0	1231.0	1075.0	591.0	826.0	596.0	683.0	26.0	0.0	0.0	0.0	0.0	0.0	4.0	0.0	3392.0	3588.0	4866.0	2107.0	3252.0	20.0	3450.0	404.0	4986.0	41.0	3432.0	3290.0	169.0	3722.0	24.0	3099.0	3.0	3079.0	4062.0	4010.0
d__Bacteria;p__Spirochaetota	0.0	0.0	3.0	0.0	0.0	0.0	0.0	0.0	0.0	0.0	0.0	0.0	0.0	2.0	4.0	0.0	2.0	0.0	2.0	2.0	0.0	0.0	0.0	0.0	0.0	0.0	0.0	0.0	0.0	0.0	0.0	0.0	0.0	0.0	0.0	0.0	0.0	0.0	0.0	0.0	0.0	0.0	0.0	0.0	0.0	0.0	0.0	0.0	0.0	2.0	0.0	0.0	0.0	0.0	0.0	0.0	0.0	0.0	0.0	0.0	0.0	0.0	0.0	0.0	0.0	0.0	0.0	0.0	0.0	0.0	0.0	0.0	2.0	0.0
d__Bacteria;p__Sva0485	0.0	0.0	0.0	0.0	0.0	0.0	0.0	0.0	0.0	0.0	0.0	0.0	0.0	0.0	0.0	0.0	0.0	0.0	0.0	0.0	0.0	0.0	0.0	0.0	0.0	0.0	0.0	0.0	0.0	0.0	0.0	0.0	0.0	0.0	0.0	0.0	0.0	0.0	0.0	0.0	0.0	0.0	0.0	0.0	0.0	0.0	0.0	0.0	0.0	0.0	0.0	0.0	0.0	0.0	0.0	0.0	0.0	0.0	0.0	0.0	0.0	0.0	6.0	0.0	0.0	0.0	0.0	0.0	0.0	0.0	0.0	0.0	0.0	0.0
d__Bacteria;p__Verrucomicrobiota	1825.0	1496.0	1797.0	237.0	1064.0	2080.0	1363.0	1799.0	3253.0	59.0	2231.0	2144.0	712.0	2132.0	1479.0	1938.0	2138.0	1064.0	1806.0	1492.0	1506.0	1138.0	1090.0	711.0	19.0	1173.0	1807.0	1471.0	991.0	2836.0	1553.0	2061.0	1261.0	2707.0	2213.0	2230.0	2214.0	2281.0	1529.0	1962.0	2987.0	2393.0	1428.0	1916.0	2118.0	2696.0	1757.0	640.0	702.0	701.0	12.0	0.0	36.0	434.0	623.0	685.0	814.0	581.0	638.0	737.0	680.0	1833.0	800.0	1581.0	4388.0	703.0	335.0	884.0	548.0	775.0	76.0	740.0	934.0	880.0
d__Bacteria;p__WOR-1	0.0	0.0	0.0	0.0	0.0	0.0	0.0	0.0	0.0	0.0	0.0	0.0	0.0	0.0	0.0	0.0	0.0	0.0	0.0	0.0	0.0	0.0	0.0	0.0	0.0	0.0	0.0	0.0	0.0	0.0	0.0	0.0	0.0	0.0	0.0	0.0	0.0	0.0	0.0	0.0	0.0	0.0	0.0	0.0	0.0	0.0	0.0	0.0	0.0	0.0	0.0	0.0	0.0	0.0	0.0	0.0	0.0	0.0	0.0	0.0	0.0	0.0	2.0	0.0	0.0	0.0	0.0	0.0	0.0	0.0	0.0	0.0	0.0	0.0
d__Bacteria;p__WPS-2	0.0	0.0	0.0	0.0	0.0	0.0	0.0	0.0	0.0	0.0	0.0	0.0	0.0	0.0	0.0	0.0	0.0	0.0	0.0	0.0	0.0	0.0	0.0	0.0	0.0	0.0	0.0	0.0	0.0	0.0	0.0	0.0	0.0	0.0	0.0	0.0	0.0	0.0	0.0	0.0	0.0	0.0	0.0	0.0	0.0	0.0	0.0	0.0	0.0	0.0	0.0	0.0	0.0	0.0	0.0	0.0	0.0	0.0	0.0	0.0	0.0	2.0	0.0	0.0	0.0	0.0	0.0	0.0	0.0	0.0	0.0	0.0	0.0	0.0