#OTUID	CN18SKOA_ESP36_NN	CN18SKOA_ESP39_NN	CN18SKOA_ESP41_NN	CN18SKOA_ESP44_NN	CN18Sc14_8_eDNA_NN	CN18Sc15_8_eDNA_NN	CN18Sc18_8_eDNA_NN	CN18Sc27_8_eDNA_NN
ASV_1	17133	6286	1475	5299	3856	12225	4799	3087
ASV_2	10	46	3	4	3366	378	4030	1062
ASV_3	397	1	9	4	3810	1397	5	0
ASV_4	0	0	0	0	0	0	0	0
ASV_5	12	0	9	0	10506	5263	30	2
ASV_6	3	1	3	7	6	6	14	16
ASV_7	0	0	0	0	0	0	0	0
ASV_8	0	0	1	0	1568	1	0	0
ASV_9	1	0	2431	1883	2565	289	0	0
ASV_10	1	0	22	2	2	2	2	0
ASV_11	1	3	3	0	1	4	0	2
ASV_13	0	0	0	0	0	0	0	0
ASV_15	0	0	0	0	1	0	7	0
ASV_16	0	0	0	0	0	0	1	0
ASV_17	0	1	0	0	1	0	0	1
ASV_18	4	0	2	10	2	2	5397	3
ASV_19	6	0	3	2	1429	24	4	0
ASV_21	0	0	0	0	0	0	4	0
ASV_22	0	0	0	3	0	0	0	0
ASV_23	0	0	3	0	977	52	5	0
ASV_24	7	568	0	2	3	6	5	5
ASV_25	6	2	14	11	6	1	26	6
ASV_26	0	0	0	1	4	2	1	0
ASV_27	0	0	0	0	709	0	3	0
ASV_28	21	0	0	4	1	0	1	0
ASV_29	0	0	0	0	0	0	3	0
ASV_33	0	0	0	0	0	0	0	0
ASV_34	6	414	0	1022	2	10	1	4
ASV_35	35	8	3	4	6	24	12	5
ASV_38	0	0	1	0	0	0	0	0
ASV_39	28	9	1	10	9	2097	9	11
ASV_41	16	9	0	7	61	15	4	3
ASV_42	0	0	0	0	0	0	0	0
ASV_44	0	0	0	0	0	0	0	0
ASV_45	43	22	8	20	9	50	21	16
ASV_46	0	0	0	0	168	0	0	0
ASV_47	1	0	6	2	5	0	2	0
ASV_48	0	0	0	0	0	0	0	0
ASV_50	3	1	0	4	0	7	2	2
ASV_51	0	0	0	0	0	0	0	0
ASV_52	0	0	0	0	503	3	0	0
ASV_57	0	0	0	0	0	0	0	0
ASV_58	0	0	0	6	4	0	2	0
ASV_59	0	0	0	0	0	0	0	0
ASV_62	10	4	1	5	2	9	6	6
ASV_63	0	0	0	0	270	0	0	0
ASV_65	84	59	18	49	2	63	2	2
ASV_68	0	0	0	0	0	0	0	0
ASV_72	0	0	1	0	19	8	0	0
ASV_73	0	0	0	0	0	0	0	0
ASV_75	0	0	0	0	292	0	0	0
ASV_76	3	0	2	0	1	0	0	0
ASV_81	7	4	0	3	5	6	2	1
ASV_83	0	0	0	0	714	0	0	0
ASV_86	0	0	0	0	0	0	0	0
ASV_87	0	0	7	4	9	1	0	0
ASV_88	0	0	1	0	1	0	1	0
ASV_90	0	0	0	2	0	0	0	1
ASV_91	5	0	9	5	0	3	4	3
ASV_93	0	0	0	0	1	0	0	0
ASV_94	0	0	5	0	15	1	0	3
ASV_96	0	0	0	1	0	0	0	0
ASV_102	125	71	0	12	0	29	0	0
ASV_106	0	0	0	0	0	1	4	1
ASV_109	0	0	0	0	0	0	0	0
ASV_114	0	0	0	0	0	0	0	0
ASV_115	0	0	0	0	0	0	0	0
ASV_116	0	0	0	0	0	1	0	0
ASV_121	0	0	0	2	0	1	0	0
ASV_136	0	0	0	0	0	0	0	0
ASV_138	13	9	26	28	3	17	15	8
ASV_144	1	0	0	0	0	0	1	0
ASV_146	0	0	0	0	574	20	0	0
ASV_147	0	0	0	0	172	0	0	0
ASV_154	0	0	0	0	0	0	1	0
ASV_158	0	0	0	0	0	0	0	0
ASV_164	0	0	0	0	8	2747	2	0
ASV_176	0	0	0	0	0	0	0	0
ASV_190	0	1	0	0	0	0	0	1
ASV_204	9	2	13	6	1	4	1	2
ASV_205	0	0	0	0	0	3	0	0
ASV_214	0	0	0	0	0	0	0	0
ASV_221	0	0	0	0	0	0	0	0
ASV_229	0	0	0	0	0	0	0	0
ASV_239	0	0	0	0	0	0	0	0
ASV_254	0	0	0	0	1632	0	0	0
ASV_256	0	0	0	0	0	0	0	0
ASV_261	0	0	0	0	0	0	40	0
ASV_266	0	0	0	0	0	0	0	0
ASV_279	7	0	2	6	5	2	0	0
ASV_286	26	25	216	66	1	17	15	14
ASV_295	0	0	1	0	0	0	2	0
ASV_300	0	0	0	0	0	0	0	0
ASV_303	0	0	0	0	0	0	0	0
ASV_304	0	0	0	0	0	0	0	0
ASV_322	1	0	2	0	0	8	0	1
ASV_328	0	0	0	0	0	0	0	0
ASV_333	0	0	0	0	0	0	0	0
ASV_336	0	0	2	2	0	0	1	0
ASV_340	0	0	0	0	0	0	7	0
ASV_343	0	0	0	0	0	0	0	0
ASV_345	0	0	0	0	0	0	10	0
ASV_347	0	0	0	0	0	0	0	0
ASV_348	0	0	1	0	0	0	0	0
ASV_350	1	0	2	0	0	2	1	4
ASV_359	1	2	2	2	11	2	3	1
ASV_372	0	0	1	0	1	0	0	1
ASV_379	0	0	0	0	7	4	0	0
ASV_383	0	0	0	0	0	0	0	0
ASV_387	2	0	2	0	0	0	1	0
ASV_390	1	0	0	0	0	2	8	0
ASV_393	9	0	1	5	0	0	0	1
ASV_394	0	0	0	0	0	0	0	0
ASV_395	0	0	0	0	0	0	0	0
ASV_399	3	0	0	0	1	0	0	0
ASV_407	0	0	0	0	0	0	0	0
ASV_415	0	0	0	0	0	0	0	0
ASV_418	0	0	0	0	0	0	0	0
ASV_436	0	0	0	0	0	0	0	0
ASV_442	1	0	1	1	0	0	5	0
ASV_443	0	0	0	0	0	0	0	0
ASV_448	0	0	0	0	0	0	0	0
ASV_451	0	0	0	15	0	0	0	0
ASV_456	0	0	0	0	0	0	0	0
ASV_462	0	0	0	0	0	0	2	0
ASV_470	0	1	0	0	0	0	1	0
ASV_474	2	0	1	4	0	1	0	0
ASV_482	0	0	0	0	0	0	0	0
ASV_496	0	0	0	0	0	0	0	0
ASV_497	0	0	2	0	0	0	0	0
ASV_510	0	0	0	0	0	0	0	0
ASV_522	0	0	0	0	0	0	0	0
ASV_537	0	0	0	0	0	0	0	0
ASV_553	0	0	0	0	0	0	0	0
ASV_564	0	0	0	0	0	0	2	0
ASV_565	0	0	0	0	0	0	0	0
ASV_604	0	0	0	0	0	0	0	0
ASV_620	0	0	0	0	0	0	0	0
ASV_658	1	0	1	0	0	0	3	4
ASV_659	6	10	55	62	0	4	17	11
ASV_660	18	5	20	27	3	40	20	15
ASV_662	25	2	9	21	0	39	15	10
ASV_664	14	5	13	3	2	11	7	5
ASV_665	0	0	0	0	7	0	0	0
ASV_667	21	9	19	11	0	17	4	7
ASV_669	3	0	1	0	2	0	0	0
ASV_673	0	0	0	0	10	0	0	0
ASV_674	8	2	11	14	4	12	0	10
ASV_675	0	0	0	0	0	0	0	0
ASV_676	0	2	3	7	0	13	3	7
ASV_678	1	0	0	0	0	0	0	0
ASV_679	0	0	0	0	1	0	1	0
ASV_680	2	0	0	0	1	0	6	0
ASV_681	0	0	0	0	0	0	0	0
ASV_686	0	0	0	0	0	0	1	0
ASV_687	0	0	0	0	0	13	0	4
ASV_688	0	0	0	0	0	0	0	0
ASV_689	0	0	0	0	0	0	0	0
ASV_690	1	0	1	4	0	1	0	4
ASV_692	0	0	0	4	0	4	5	2
ASV_693	0	3	0	0	0	0	0	0
ASV_694	10	5	23	7	1	3	13	2
ASV_697	5	0	0	0	0	0	0	0
ASV_698	0	0	0	0	0	0	2	1
ASV_700	0	0	0	0	0	0	0	0
ASV_701	0	0	0	0	0	0	0	0
ASV_703	2	0	0	2	0	0	1	0
ASV_708	0	0	0	0	0	0	2	0
ASV_709	0	0	0	0	1	0	0	0
ASV_710	0	0	0	0	0	0	0	0
ASV_713	0	0	0	0	0	0	0	0
ASV_718	0	0	0	0	0	0	0	0
ASV_720	0	0	0	0	0	0	0	0
ASV_721	0	0	0	0	0	0	0	0
ASV_722	0	0	0	0	0	0	2	0
ASV_726	0	0	0	0	0	0	0	0
ASV_727	0	0	7	0	0	8	0	0
ASV_732	3	0	5	0	0	0	0	0
ASV_733	0	0	0	0	0	0	0	1
ASV_736	2	0	0	0	0	0	0	0
ASV_737	0	0	0	0	0	0	0	0
ASV_739	0	0	0	0	0	0	0	0
ASV_743	0	0	1	0	0	0	0	0
ASV_754	0	0	0	0	0	0	0	0
ASV_760	0	0	0	0	0	0	0	0
ASV_764	1	0	0	0	1	0	7	0
ASV_765	0	0	0	0	0	0	0	0
ASV_767	0	0	0	0	0	0	0	0
ASV_774	0	0	0	0	0	0	0	0
ASV_776	0	0	1	0	0	2	0	0
ASV_777	0	0	0	0	0	0	3	0
ASV_782	0	0	0	0	1	0	0	0
ASV_784	0	0	0	1	0	0	0	0
ASV_786	0	0	2	1	0	0	0	0
ASV_793	0	0	0	0	0	0	0	0
ASV_795	0	0	0	0	0	0	0	0
ASV_798	0	0	0	0	0	0	0	0
ASV_801	0	0	0	0	0	0	0	0
ASV_814	2	0	0	0	0	0	0	0
ASV_820	3	2	0	0	0	0	0	0
ASV_828	0	0	0	0	0	0	0	0
ASV_832	0	0	0	0	0	0	2	0
ASV_843	0	0	0	0	0	0	0	0
ASV_845	0	0	0	0	0	0	2	0
ASV_850	0	0	0	0	1	0	0	0
ASV_852	1	0	1	1	0	0	4	0
ASV_858	0	0	0	0	0	0	0	0
ASV_885	1	0	0	0	0	0	0	2
ASV_892	0	0	0	2	0	6	0	0
ASV_893	3	0	0	1	0	0	2	0
ASV_905	0	0	0	0	0	0	0	0
ASV_906	1	0	0	0	0	0	0	0
ASV_913	1	0	0	0	0	0	0	0
ASV_919	0	0	0	0	0	0	0	0
ASV_921	0	0	0	0	0	0	0	0
ASV_936	0	0	0	0	0	0	0	0
ASV_937	0	0	0	0	0	0	0	0
ASV_946	0	0	0	0	0	0	0	0
ASV_952	0	0	5	2	0	3	0	1
ASV_963	2	0	0	0	0	0	0	0
ASV_994	0	1	0	0	0	0	0	0
ASV_996	2	0	5	1	0	1	0	0
ASV_1012	0	0	0	0	0	0	0	0
ASV_1026	0	0	0	0	0	0	0	0
ASV_1051	0	0	0	0	0	0	7	0
ASV_1055	0	0	0	0	0	0	0	0
ASV_1078	0	0	0	0	0	0	0	0
ASV_1090	0	0	0	0	0	0	0	0
ASV_1104	0	0	0	0	0	0	0	0
ASV_1109	0	0	0	0	0	0	1	0
ASV_1169	0	0	0	0	0	0	0	0
ASV_1235	0	0	0	0	0	0	0	0
ASV_1264	0	0	0	0	0	2	0	0
ASV_1340	0	0	0	0	0	0	0	0
ASV_1361	0	0	0	0	0	0	0	0
ASV_1388	3	0	0	0	0	0	0	0
ASV_1395	0	0	0	0	0	0	0	0
ASV_1528	0	0	0	0	0	0	0	0
ASV_1615	0	0	1	0	0	0	0	0
ASV_1663	0	0	0	0	0	0	0	0
ASV_1664	34	12	3	28	6	43	18	9
ASV_1665	0	0	0	0	0	0	0	0
ASV_1666	0	0	0	0	0	0	0	0
ASV_1667	0	0	0	0	0	0	0	0
ASV_1668	0	0	0	0	0	0	0	0
ASV_1669	0	0	0	2	0	0	7	0
ASV_1670	0	0	0	0	0	0	0	0
ASV_1671	0	0	0	0	0	0	0	0
ASV_1672	0	0	0	0	0	0	0	0
ASV_1673	0	0	0	0	0	0	0	0
ASV_1674	0	0	0	1	0	0	0	0
ASV_1675	0	0	0	0	0	0	0	0
ASV_1676	0	0	0	0	0	0	0	0
ASV_1677	0	0	0	0	0	0	0	0
ASV_1678	0	0	0	0	0	0	0	0
ASV_1679	0	0	0	0	0	0	0	0
ASV_1680	0	0	0	0	0	0	0	0
ASV_1681	0	0	0	0	0	0	0	0
ASV_1682	0	0	0	0	0	0	0	0
ASV_1683	0	0	0	0	0	0	0	0
ASV_1684	0	0	0	0	0	0	0	0
ASV_1685	0	0	0	0	0	0	0	0
ASV_1686	0	0	0	0	0	0	0	0
ASV_1687	0	0	0	0	0	0	0	0
ASV_1689	0	0	0	0	0	0	0	0
ASV_1690	0	0	0	0	0	0	0	0
ASV_1691	0	0	0	0	0	0	0	0
ASV_1692	0	0	0	0	0	0	0	0
ASV_1693	0	0	0	0	0	0	0	0
ASV_1694	0	0	0	0	0	0	0	0
ASV_1695	0	0	0	0	0	0	0	0
ASV_1696	0	0	0	0	0	0	0	0
ASV_1697	0	0	0	0	0	0	0	0
ASV_1698	0	0	0	0	0	0	0	0
ASV_1699	0	0	0	0	0	0	0	0
ASV_1700	0	0	0	0	0	0	0	0
ASV_1701	0	0	0	0	0	0	0	0
ASV_1702	0	0	0	0	0	0	0	0
ASV_1703	0	0	0	0	0	0	0	0
ASV_1704	0	0	0	0	0	0	0	0
ASV_1705	0	0	0	0	0	0	0	0
ASV_1706	0	0	0	0	0	0	0	0
ASV_1707	0	0	0	0	0	0	0	0
ASV_1708	0	0	0	0	0	0	0	0
ASV_1709	0	0	0	0	0	0	0	0
ASV_1710	0	0	0	0	0	0	0	0
ASV_1711	0	0	0	0	0	0	0	0
ASV_1713	0	0	0	0	0	0	0	0
ASV_1714	0	0	0	0	0	0	0	0
ASV_1715	0	0	0	0	0	0	0	0
ASV_1716	0	0	0	0	0	0	0	0
ASV_1717	0	0	0	0	0	0	0	0
ASV_1718	0	0	0	0	0	0	0	0
ASV_1719	0	0	0	0	0	0	0	0
ASV_1720	0	0	0	0	0	0	0	0
ASV_1721	0	0	0	0	0	0	0	0
ASV_1723	0	0	0	0	0	0	0	0
ASV_1725	0	0	0	0	0	0	0	0
ASV_1727	0	0	0	3	3	0	0	1
ASV_1728	0	0	0	0	0	0	0	0
ASV_1729	0	0	0	0	0	0	0	0
ASV_1730	0	0	0	0	0	0	0	0
ASV_1731	0	0	0	0	0	0	0	0
ASV_1732	0	0	0	0	0	0	0	0
ASV_1733	0	0	0	0	0	0	0	0
ASV_1735	0	0	0	0	0	0	0	0
ASV_1737	0	0	0	0	0	0	0	0
ASV_1738	0	0	0	0	0	0	0	0
ASV_1739	0	0	0	0	0	0	0	0
ASV_1741	0	0	0	0	0	0	0	0
ASV_1742	0	0	0	0	0	0	0	0
ASV_1744	0	0	0	0	0	0	0	0
ASV_1745	0	0	0	0	0	0	0	0
ASV_1746	0	0	0	0	0	0	0	0
ASV_1747	0	0	0	0	0	0	0	0
ASV_1748	0	0	0	0	0	0	0	0
ASV_1749	0	0	0	0	0	0	0	0
ASV_1750	0	0	0	0	0	0	0	0
ASV_1751	0	0	0	0	0	0	0	0
ASV_1752	0	0	0	0	0	0	0	0
ASV_1753	0	0	0	0	0	0	0	0
ASV_1754	0	0	0	0	0	0	0	0
ASV_1757	0	0	0	0	0	0	0	0
ASV_1758	0	0	0	0	0	0	0	0
ASV_1760	0	0	0	0	0	0	0	0
ASV_1761	0	0	0	0	0	0	0	0
ASV_1762	0	0	0	0	0	0	0	0
ASV_1763	0	0	0	0	0	0	0	0
ASV_1764	0	0	0	0	0	0	0	0
ASV_1765	0	0	0	0	0	0	0	0
ASV_1766	0	0	0	0	0	0	0	0
ASV_1768	0	0	0	0	0	0	0	0
ASV_1769	0	0	0	0	0	0	0	0
ASV_1770	0	0	0	0	0	0	0	0
ASV_1771	0	0	0	0	0	0	0	0
ASV_1772	0	0	0	0	0	0	0	0
ASV_1773	0	0	0	0	0	0	0	0
ASV_1774	0	0	0	0	0	0	0	0
ASV_1775	0	0	0	0	0	0	0	0
ASV_1776	0	0	0	0	0	0	0	0
ASV_1778	0	0	0	0	0	0	0	0
ASV_1779	0	0	0	0	0	0	0	0
ASV_1780	0	0	0	0	0	0	0	0
ASV_1781	0	0	0	0	0	0	0	0
ASV_1782	0	0	0	0	0	0	0	0
ASV_1784	0	0	0	0	0	0	0	0
ASV_1787	2	1	0	5	0	2	9	0
ASV_1788	0	0	0	0	0	0	0	0
ASV_1789	0	0	0	0	0	0	0	0
ASV_1790	0	0	0	0	0	0	0	0
ASV_1791	0	0	0	0	0	0	0	0
ASV_1792	0	0	0	0	0	0	0	0
ASV_1793	0	0	0	0	0	0	0	0
ASV_1794	0	0	0	0	0	0	0	0
ASV_1795	0	0	0	0	0	0	0	0
ASV_1796	0	0	0	0	0	0	0	0
ASV_1797	0	0	0	0	0	0	0	0
ASV_1798	0	0	0	0	0	0	0	0
ASV_1799	0	0	0	0	0	0	0	0
ASV_1800	0	0	0	0	0	0	0	0
ASV_1801	0	0	0	0	0	0	0	0
ASV_1802	0	0	0	0	0	0	0	0
ASV_1805	0	0	0	0	0	0	0	0
ASV_1807	0	0	0	0	0	0	0	0
ASV_1808	0	0	0	0	0	0	0	0
ASV_1810	0	0	0	0	0	0	0	0
ASV_1811	0	0	1	0	0	0	0	0
ASV_1812	0	0	0	0	0	0	0	0
ASV_1813	0	0	0	0	0	0	0	0
ASV_1814	0	0	0	0	0	0	0	0
ASV_1816	0	0	0	0	0	0	0	0
ASV_1817	0	0	0	0	0	0	0	0
ASV_1818	0	0	0	0	0	0	0	0
ASV_1821	0	0	0	0	0	0	0	0
ASV_1823	0	0	0	0	0	0	0	0
ASV_1824	0	0	0	0	0	0	0	0
ASV_1825	0	0	0	0	0	0	0	0
ASV_1826	0	0	0	0	0	0	0	0
ASV_1827	0	0	0	0	0	0	0	0
ASV_1828	0	0	0	0	0	0	0	0
ASV_1829	0	0	1	0	0	0	0	0
ASV_1832	0	0	0	2	0	0	0	0
ASV_1833	0	0	0	0	0	0	0	0
ASV_1834	0	0	0	0	0	0	0	0
ASV_1835	0	0	0	0	0	0	0	0
ASV_1837	0	0	0	0	0	0	0	0
ASV_1838	0	0	0	0	0	0	0	0
ASV_1839	0	0	0	0	0	0	0	0
ASV_1840	0	0	0	0	0	0	0	0
ASV_1841	0	0	0	0	0	0	0	0
ASV_1842	0	0	0	0	0	0	0	0
ASV_1843	0	0	0	0	0	0	0	0
ASV_1845	0	0	0	0	0	0	0	0
ASV_1848	0	0	0	0	0	0	0	0
ASV_1849	0	0	0	0	0	0	0	0
ASV_1850	0	0	0	0	0	0	0	0
ASV_1852	0	0	0	0	0	0	0	0
ASV_1857	0	0	0	0	0	0	0	0
ASV_1858	0	0	0	0	0	0	0	0
ASV_1861	0	0	0	0	0	0	0	0
ASV_1862	0	0	0	0	0	0	0	0
ASV_1863	0	0	0	0	0	0	0	0
ASV_1867	0	0	0	0	0	0	0	0
ASV_1870	0	0	0	0	0	0	0	0
ASV_1871	0	0	0	0	0	0	0	0
ASV_1872	0	0	0	0	0	0	0	0
ASV_1873	0	0	0	0	0	0	0	0
ASV_1874	0	0	0	0	0	0	0	0
ASV_1876	0	0	0	0	0	0	0	0
ASV_1878	0	0	0	0	0	0	0	0
ASV_1879	0	0	0	0	0	0	0	0
ASV_1881	0	0	0	0	0	0	0	0
ASV_1882	0	0	0	0	0	0	0	0
ASV_1884	0	0	0	0	0	0	0	0
ASV_1885	0	0	0	0	0	0	0	0
ASV_1890	0	0	0	0	0	0	0	0
ASV_1894	0	0	0	0	0	0	0	0
ASV_1897	0	0	0	0	0	0	0	0
ASV_1899	0	0	0	0	0	0	0	0
ASV_1900	0	0	0	0	0	0	0	0
ASV_1910	0	0	0	0	0	0	0	0
ASV_1911	0	0	0	0	0	0	0	0
ASV_1913	0	0	0	0	0	0	0	0
ASV_1920	0	0	0	0	0	0	0	0
ASV_1921	0	0	0	0	0	0	0	0
ASV_1923	0	0	0	0	0	0	0	0
ASV_1924	0	0	0	0	0	0	0	0
ASV_1930	0	0	0	0	0	0	0	0
ASV_1931	0	0	0	0	0	0	0	0
ASV_1932	0	0	0	0	0	0	0	0
ASV_1933	0	0	0	0	0	0	0	0
ASV_1935	0	0	0	0	0	0	0	0
ASV_1953	0	0	0	0	0	0	0	0
ASV_1957	0	0	0	0	0	0	0	0
ASV_1958	0	0	0	0	0	0	0	0
ASV_1959	0	0	0	0	0	0	0	0
ASV_1960	0	0	0	0	0	0	0	0
ASV_1962	0	0	0	0	0	0	0	0
ASV_1963	0	0	0	0	0	0	0	0
ASV_1964	0	0	0	0	0	0	0	0
ASV_1965	0	0	0	0	0	0	0	0
ASV_1966	0	0	0	0	0	0	0	0
ASV_1967	0	0	0	0	0	0	0	0
ASV_1968	0	0	0	0	0	0	0	0
ASV_1969	0	0	0	0	0	0	0	0
ASV_1970	0	0	0	0	0	0	0	0
ASV_1974	0	0	0	0	0	0	0	0
ASV_1975	0	0	0	0	0	0	0	0
ASV_1976	0	0	0	0	0	0	0	0
ASV_1978	0	0	0	0	0	0	0	0
ASV_1979	0	0	0	0	0	0	0	0
ASV_1980	0	0	0	0	0	0	0	0
ASV_1981	0	0	0	0	0	0	0	0
ASV_1983	0	0	0	0	1	0	5	0
ASV_1984	0	0	0	0	0	0	0	0
ASV_1985	0	0	0	0	0	0	0	0
ASV_1986	0	0	0	0	0	0	0	0
ASV_1991	0	0	3	0	0	0	8	0
ASV_1992	0	0	0	0	0	0	0	0
ASV_1999	0	0	0	0	0	0	0	0
ASV_2000	0	0	0	0	0	0	0	0
ASV_2001	0	0	0	0	0	0	0	0
ASV_2002	0	0	0	0	0	0	0	0
ASV_2006	0	0	0	0	0	0	0	0
ASV_2007	0	0	0	0	0	0	0	0
ASV_2008	0	0	0	0	0	0	0	0
ASV_2009	0	0	0	0	0	0	0	0
ASV_2013	0	0	0	0	0	0	0	0
ASV_2014	0	0	0	0	0	0	0	0
ASV_2016	0	0	0	0	0	0	0	0
ASV_2019	0	0	0	0	0	0	0	0
ASV_2020	0	0	0	0	0	0	0	0
ASV_2021	0	0	0	0	0	0	0	0
ASV_2026	0	0	0	0	0	0	0	0
ASV_2027	0	0	0	0	0	0	0	0
ASV_2031	0	0	0	0	0	0	0	0
ASV_2032	0	0	0	0	0	0	0	0
ASV_2035	0	0	0	0	0	0	0	0
ASV_2036	0	0	0	0	0	0	0	0
ASV_2037	0	0	0	0	0	0	0	0
ASV_2039	0	0	0	0	0	0	0	0
ASV_2040	0	0	0	0	0	0	0	0
ASV_2050	0	0	0	0	0	0	0	0
ASV_2056	0	0	0	0	0	0	0	0
ASV_2057	0	0	0	0	0	0	0	0
ASV_2058	0	0	0	0	0	0	0	0
ASV_2059	0	0	0	0	0	0	0	0
ASV_2061	0	0	0	0	0	0	0	0
ASV_2066	0	0	0	0	0	0	0	0
ASV_2067	0	0	0	0	0	0	0	0
ASV_2068	0	0	0	0	0	0	0	0
ASV_2069	0	0	0	0	0	0	0	0
ASV_2070	0	0	1	3	0	0	0	0
ASV_2072	0	0	0	0	0	0	0	0
ASV_2073	0	0	0	0	0	0	0	0
ASV_2075	0	0	0	0	0	0	0	0
ASV_2076	0	0	0	0	0	0	0	0
ASV_2078	0	0	0	0	0	0	0	0
ASV_2079	0	0	0	0	0	0	0	0
ASV_2080	1	0	1	3	0	0	3	0
ASV_2081	0	0	0	0	0	0	0	0
ASV_2082	0	0	0	0	0	0	0	0
ASV_2086	0	0	0	0	0	0	0	0
ASV_2087	0	0	0	0	0	0	0	0
ASV_2089	0	0	0	0	0	0	0	0
ASV_2090	0	0	0	0	0	0	0	0
ASV_2091	0	0	0	0	0	0	0	0
ASV_2093	0	0	0	0	0	0	0	0
ASV_2094	0	0	0	0	0	0	0	0
ASV_2096	0	0	0	0	0	0	0	0
ASV_2097	0	0	0	0	0	0	0	0
ASV_2098	0	0	0	0	0	0	0	0
ASV_2099	0	0	0	0	0	0	0	0
ASV_2108	0	0	0	0	0	0	0	0
ASV_2109	0	0	0	0	0	0	0	0
ASV_2110	0	0	0	0	0	0	0	0
ASV_2111	0	0	0	0	0	0	0	0
ASV_2112	0	0	0	0	0	0	0	0
ASV_2113	0	0	0	0	0	0	0	0
ASV_2114	0	0	0	0	0	0	0	0
ASV_2115	0	0	0	0	0	0	0	0
ASV_2116	0	0	0	0	0	0	0	0
ASV_2117	0	0	0	0	0	0	0	0
ASV_2118	0	0	0	0	0	0	0	0
ASV_2119	0	0	0	0	0	0	0	0
ASV_2122	0	0	0	0	0	0	0	0
ASV_2123	0	0	0	0	0	0	0	0
ASV_2124	0	0	0	0	0	0	0	0
ASV_2128	0	0	0	0	0	1	0	0
ASV_2129	0	0	0	0	0	0	0	0
ASV_2130	0	0	0	0	0	0	0	0
ASV_2138	0	0	0	0	0	0	0	0
ASV_2139	0	0	0	0	0	0	0	0
ASV_2140	0	0	0	0	0	0	0	0
ASV_2141	0	0	0	0	0	0	0	0
ASV_2144	0	0	0	0	0	0	0	0
ASV_2148	0	0	0	0	0	0	0	0
ASV_2151	0	0	0	0	0	0	0	0
ASV_2152	0	0	0	0	0	0	0	0
ASV_2153	0	0	0	0	0	0	0	0
ASV_2154	0	0	0	0	0	0	0	0
ASV_2155	0	0	0	0	0	0	0	0
ASV_2156	0	0	0	0	0	0	0	0
ASV_2157	0	0	0	0	0	0	0	0
ASV_2158	0	0	0	0	0	0	0	0
ASV_2159	0	0	0	0	0	0	0	0
ASV_2160	0	0	0	0	0	0	0	0
ASV_2161	0	0	0	0	0	0	0	0
ASV_2162	0	0	0	0	0	0	0	0
ASV_2169	0	0	0	0	0	0	0	0
ASV_2172	0	0	0	0	0	0	0	0
ASV_2175	0	0	0	0	0	0	0	0
ASV_2176	0	0	0	0	0	0	0	0
ASV_2179	0	0	0	0	0	0	0	0
ASV_2180	0	0	0	0	0	0	0	0
ASV_2183	0	0	0	0	0	0	0	0
ASV_2184	0	0	0	0	0	0	0	0
ASV_2185	0	0	0	0	0	0	0	0
ASV_2188	0	0	0	0	0	0	0	0
ASV_2192	0	0	0	0	0	0	0	0
ASV_2193	0	0	0	0	0	0	0	0
ASV_2196	0	0	0	0	0	0	0	0
ASV_2200	0	0	2	1	0	0	0	0
ASV_2204	0	0	0	0	0	0	0	0
ASV_2205	0	0	0	0	0	0	0	0
ASV_2206	0	0	0	0	0	0	0	0
ASV_2207	0	0	0	0	0	0	0	0
ASV_2208	0	0	0	0	0	0	0	0
ASV_2209	0	0	0	0	0	0	0	0
ASV_2219	0	0	0	0	0	0	0	0
ASV_2222	0	0	0	0	0	0	0	0
ASV_2224	0	0	0	0	0	0	0	0
ASV_2225	0	0	0	0	0	0	0	0
ASV_2226	0	0	0	0	0	0	0	0
ASV_2227	0	0	0	0	0	0	0	0
ASV_2228	0	0	0	0	0	0	0	0
ASV_2230	0	0	0	0	0	0	0	0
ASV_2231	0	0	0	0	0	0	0	0
ASV_2233	0	0	0	0	0	0	0	0
ASV_2234	0	0	0	0	0	0	0	0
ASV_2236	0	0	0	0	0	0	0	0
ASV_2237	0	0	0	0	0	0	0	0
ASV_2238	0	0	0	0	0	0	0	0
ASV_2239	0	0	0	0	0	0	0	0
ASV_2245	0	0	0	0	0	0	0	0
ASV_2248	0	0	0	0	0	0	0	0
ASV_2250	0	0	0	0	0	0	0	0
ASV_2251	0	0	0	0	0	0	0	0
ASV_2252	0	0	0	0	0	0	0	0
ASV_2253	0	0	0	0	0	0	0	0
ASV_2260	0	0	0	0	0	0	0	0
ASV_2268	0	0	0	0	0	0	0	0
ASV_2269	0	0	0	0	0	0	0	0
ASV_2270	0	0	0	0	0	0	0	0
ASV_2271	0	0	0	0	0	0	0	0
ASV_2272	0	0	0	0	0	0	0	0
ASV_2273	0	0	0	0	0	0	0	0
ASV_2274	0	0	0	0	0	0	0	0
ASV_2275	0	0	0	0	0	0	0	0
ASV_2276	0	0	0	0	0	0	0	0
ASV_2277	0	0	0	0	0	0	0	0
ASV_2278	0	0	0	0	0	0	0	0
ASV_2279	0	0	0	0	0	0	0	0
ASV_2280	0	0	0	0	0	0	0	0
ASV_2281	0	0	0	0	0	0	0	0
ASV_2282	0	0	0	0	0	0	0	0
ASV_2283	0	0	0	0	0	0	0	0
ASV_2284	0	0	0	0	0	0	0	0
ASV_2285	0	0	0	0	0	0	0	0
ASV_2286	0	0	0	0	0	0	0	0
ASV_2287	0	0	0	0	0	0	0	0
ASV_2288	0	0	0	0	0	0	0	0
ASV_2289	0	0	0	0	0	0	0	0
ASV_2290	0	0	0	0	0	0	0	0
ASV_2291	0	0	0	0	0	0	0	0
ASV_2292	0	0	0	0	0	0	0	0
ASV_2293	0	0	0	0	0	0	0	0
ASV_2294	0	0	0	0	0	0	0	0
ASV_2304	0	0	0	0	0	0	0	0
ASV_2305	0	0	0	0	0	0	0	0
ASV_2314	0	0	0	0	0	0	0	0
ASV_2316	0	0	0	0	0	0	0	0
ASV_2318	0	0	0	0	0	0	0	0
ASV_2319	0	0	0	0	0	0	0	0
ASV_2320	0	0	0	0	0	0	0	0
ASV_2324	0	0	0	0	0	0	0	0
ASV_2326	0	0	0	0	0	0	0	0
ASV_2327	0	0	0	0	0	0	0	0
ASV_2328	0	0	0	0	0	0	0	0
ASV_2329	0	0	0	0	0	0	0	0
ASV_2330	0	0	0	0	0	0	0	0
ASV_2342	0	0	0	0	0	0	0	0
ASV_2379	0	0	0	0	0	0	0	0
ASV_2380	0	0	0	0	0	0	0	0
ASV_2381	0	0	0	0	0	0	0	0
ASV_2382	0	0	0	0	0	0	0	0
ASV_2383	0	0	0	0	0	0	0	0
ASV_2384	0	0	0	0	0	0	0	0
ASV_2385	0	0	0	0	0	0	0	0
ASV_2386	0	0	0	0	0	0	0	0
ASV_2387	0	0	0	0	0	0	0	0
ASV_2388	0	0	0	0	0	0	0	0
ASV_2389	0	0	0	0	0	0	0	0
ASV_2390	0	0	0	0	0	0	0	0
ASV_2391	0	0	0	0	0	0	0	0
ASV_2392	0	0	0	0	0	0	0	0
ASV_2393	0	0	0	0	0	0	0	0
ASV_2394	0	0	0	0	0	0	0	0
ASV_2395	0	0	0	0	0	0	0	0
ASV_2396	0	0	0	0	0	0	0	0
ASV_2397	0	0	0	0	0	0	0	0
ASV_2398	0	0	0	0	0	0	0	0
ASV_2399	0	0	0	0	0	0	0	0
ASV_2400	0	0	0	0	0	0	0	0
ASV_2401	0	0	0	0	0	0	0	0
ASV_2402	0	0	0	0	0	0	0	0
ASV_2403	0	0	0	0	0	0	0	0
ASV_2404	0	0	0	0	0	0	0	0
ASV_2405	0	0	0	0	0	0	0	0
ASV_2406	0	0	0	0	0	0	0	0
ASV_2407	0	0	0	0	0	0	0	0
ASV_2408	0	0	0	0	0	0	0	0
ASV_2409	0	0	0	0	0	0	0	0
ASV_2410	0	0	0	0	0	0	0	0
ASV_2411	0	0	0	0	0	0	0	0
ASV_2412	0	0	0	0	0	0	0	0
ASV_2423	0	0	0	0	0	0	0	0
ASV_2424	0	0	0	0	0	0	0	0
ASV_2425	0	0	0	0	0	0	0	0
ASV_2437	0	0	0	0	0	0	0	0
ASV_2440	2	0	1	1	0	0	0	0
ASV_2441	2	0	0	0	0	0	0	0
ASV_2442	59	21	6	18	9	39	13	12
ASV_2443	0	0	2	0	0	1	1	0
ASV_2444	5	0	0	0	0	0	0	0
ASV_2445	0	0	0	0	0	0	0	0
ASV_2446	0	0	5	0	0	0	0	0
ASV_2447	42	10	11	16	3	21	15	5
ASV_2448	0	0	0	0	4	0	0	0
ASV_2449	0	0	0	0	0	0	0	0
ASV_2450	0	0	0	0	0	0	0	0
ASV_2451	0	0	0	0	0	0	1	0
ASV_2452	0	0	0	0	0	0	0	1
ASV_2453	0	0	0	1	0	0	1	0
ASV_2454	29	13	2	10	2	42	11	0
ASV_2455	4	2	0	14	0	0	0	0
ASV_2456	36	12	0	8	3	18	3	0
ASV_2457	0	0	0	0	0	0	2	0
ASV_2458	1	0	0	0	4	0	13	4
ASV_2459	39	12	3	20	8	21	11	8
ASV_2460	1	0	0	0	15	0	17	2
ASV_2461	0	0	0	0	0	0	0	0
ASV_2462	0	0	0	1	0	0	0	0
ASV_2463	9	4	2	0	1	20	0	2
ASV_2464	1	2	0	0	1	2	0	3
ASV_2465	0	0	0	0	0	0	0	0
ASV_2466	0	0	0	0	2	0	0	0
ASV_2467	16	4	1	3	2	4	7	1
ASV_2468	0	0	0	0	0	0	9	0
ASV_2469	0	0	0	0	8	0	2	0
ASV_2470	0	0	0	0	0	0	0	0
ASV_2471	0	0	0	0	0	0	13	0
ASV_2473	0	0	0	2	0	0	1	0
ASV_2474	0	0	0	0	0	0	0	0
ASV_2475	0	0	0	0	3	1	3	0
ASV_2476	0	0	0	0	0	0	0	0
ASV_2477	8	8	4	11	4	18	2	1
ASV_2478	9	1	0	1	0	13	1	0
ASV_2479	0	0	0	0	420	1297	0	0
ASV_2480	2	4	0	3	6	0	2	0
ASV_2483	1	0	0	0	0	0	0	0
ASV_2484	1	0	0	0	1	0	0	0
ASV_2485	0	0	0	0	6	0	17	4
ASV_2486	0	0	0	0	0	0	0	0
ASV_2487	0	0	0	4	0	0	1	0
ASV_2488	0	0	0	0	0	0	0	0
ASV_2489	0	0	0	0	0	0	18	0
ASV_2490	0	0	0	0	1	4	0	0
ASV_2493	0	0	0	0	1389	0	1	0
ASV_2495	0	0	0	0	4	0	3	0
ASV_2496	0	0	0	0	0	1295	0	0
ASV_2497	0	0	5	7	13	0	0	0
ASV_2498	0	0	0	1	0	0	970	0
ASV_2499	0	0	0	0	7	0	7	0
ASV_2502	0	0	0	0	2	1	5	0
ASV_2503	0	0	0	0	6	0	2	0
ASV_2504	0	0	0	0	974	2	0	0
ASV_2505	0	0	0	0	0	0	3	0
ASV_2506	0	0	0	0	0	0	13	0
ASV_2507	0	0	0	0	0	1108	0	0
ASV_2509	0	0	0	0	0	0	0	0
ASV_2510	0	0	0	0	0	0	2	0
ASV_2511	0	0	0	0	0	0	6	0
ASV_2512	0	0	0	0	0	0	0	0
ASV_2513	0	0	0	0	0	1	15	0
ASV_2515	0	0	0	0	1	0	1	0
ASV_2516	0	0	0	0	0	0	0	0
ASV_2517	0	0	0	0	0	0	18	0
ASV_2518	0	0	0	0	0	0	0	0
ASV_2519	0	0	0	3	0	0	792	0
ASV_2520	0	0	0	1	813	0	0	0
ASV_2522	0	0	0	0	0	0	7	0
ASV_2523	0	0	0	1	0	0	367	0
ASV_2524	5	0	0	0	543	1	0	0
ASV_2525	0	0	0	0	0	0	0	0
ASV_2526	0	0	0	0	777	1	0	0
ASV_2528	0	0	0	0	40	15	0	0
ASV_2529	0	0	0	0	0	1	2	0
ASV_2531	0	0	0	0	0	0	16	0
ASV_2533	0	0	0	0	10	23	0	0
ASV_2535	0	0	0	0	0	0	0	0
ASV_2537	0	0	0	0	0	0	0	0
ASV_2538	0	0	0	0	0	0	0	0
ASV_2539	0	0	0	0	0	0	11	0
ASV_2540	0	0	0	0	0	0	15	0
ASV_2541	1	0	0	2	8	3	0	0
ASV_2542	0	0	0	0	563	1	0	0
ASV_2544	0	0	0	0	283	117	0	0
ASV_2545	0	0	0	0	587	0	0	0
ASV_2546	0	0	0	0	11	2	0	0
ASV_2547	0	0	0	0	0	0	0	1
ASV_2551	0	0	0	0	1	0	0	0
ASV_2553	0	0	0	0	0	0	0	0
ASV_2554	0	0	0	0	0	0	0	0
ASV_2555	0	0	0	0	388	3	0	0
ASV_2557	0	0	0	1	0	0	1	0
ASV_2558	0	0	0	1	0	0	0	0
ASV_2561	0	0	0	0	0	0	5	0
ASV_2562	0	0	1	0	6	2	0	0
ASV_2565	0	0	0	0	4	9	0	0
ASV_2567	0	0	0	0	1	0	0	0
ASV_2569	0	0	3	0	0	0	0	0
ASV_2571	0	0	0	0	0	0	0	0
ASV_2574	0	0	0	0	0	0	0	0
ASV_2575	0	0	0	0	0	0	0	0
ASV_2577	0	0	0	0	353	0	4	0
ASV_2578	0	0	0	0	0	0	0	0
ASV_2579	0	0	0	0	362	0	0	0
ASV_2580	0	0	0	0	389	2	0	0
ASV_2581	0	0	0	0	3	0	0	1
ASV_2583	0	0	0	0	0	0	0	0
ASV_2585	0	0	0	0	6	0	0	0
ASV_2586	0	0	1	5	10	0	0	0
ASV_2588	0	0	0	0	0	0	0	0
ASV_2589	0	0	0	0	0	0	2	0
ASV_2590	0	0	0	0	0	0	0	0
ASV_2591	0	0	64	46	12	0	0	0
ASV_2593	0	0	0	0	0	1	1	0
ASV_2594	0	0	0	0	0	0	0	0
ASV_2595	0	0	1	0	0	277	0	0
ASV_2596	0	0	0	0	0	0	0	0
ASV_2597	0	0	0	0	0	0	0	0
ASV_2609	0	0	0	0	0	0	0	0
ASV_2613	0	0	0	0	0	0	0	0
ASV_2614	0	0	0	0	0	0	0	0
ASV_2618	0	0	0	0	186	0	0	0
ASV_2619	0	0	0	0	0	5	0	0
ASV_2622	0	0	0	0	0	0	0	0
ASV_2623	0	0	0	0	121	3	0	0
ASV_2628	0	0	0	0	0	148	0	0
ASV_2630	0	0	0	0	0	0	0	0
ASV_2634	3	2	0	0	0	2	0	0
ASV_2635	1	0	0	1	12	31	1	0
ASV_2636	0	0	0	0	0	0	0	0
ASV_2641	0	0	0	0	0	0	0	0
ASV_2642	6	3	7	7	0	10	4	0
ASV_2644	0	0	0	0	0	0	0	0
ASV_2646	0	0	0	0	0	0	0	0
ASV_2648	2	0	0	0	0	1	0	1
ASV_2651	0	0	0	0	16	0	0	0
ASV_2653	0	0	0	0	80	0	0	0
ASV_2657	0	0	5	0	1	0	0	3
ASV_2658	0	0	0	2	0	0	8	0
ASV_2660	0	0	0	0	0	0	0	2
ASV_2663	0	0	0	0	0	0	0	0
ASV_2664	0	0	0	50	0	0	0	0
ASV_2667	0	0	0	0	0	0	0	0
ASV_2668	0	0	0	0	0	0	0	0
ASV_2669	1	6	0	0	0	0	0	0
ASV_2670	0	0	0	0	0	0	0	0
ASV_2676	0	0	2	0	0	1	0	0
ASV_2677	0	0	0	0	0	0	1	0
ASV_2679	0	0	0	0	0	0	0	0
ASV_2680	0	0	0	0	1	0	1	0
ASV_2683	2	0	0	1	0	0	0	0
ASV_2685	0	0	0	0	0	0	0	0
ASV_2686	1	0	2	0	0	0	0	1
ASV_2688	3	2	0	0	0	0	2	0
ASV_2689	0	0	0	0	0	0	23	0
ASV_2690	0	0	0	0	3	0	1	0
ASV_2694	0	0	0	0	0	0	0	0
ASV_2695	0	0	0	0	0	0	0	0
ASV_2696	0	0	0	0	0	0	1	0
ASV_2699	0	0	0	0	2	0	0	0
ASV_2702	1	0	0	0	1	0	0	0
ASV_2704	0	0	0	0	0	0	0	0
ASV_2706	0	0	0	0	0	0	0	0
ASV_2708	0	0	0	0	0	0	0	0
ASV_2710	0	0	0	0	3	0	0	0
ASV_2716	0	0	0	0	0	0	0	0
ASV_2718	0	0	0	0	0	0	0	0
ASV_2721	0	0	0	0	2	0	0	0
ASV_2725	2	0	0	1	0	0	0	0
ASV_2726	0	0	0	0	0	8	0	0
ASV_2727	0	0	0	0	0	0	0	0
ASV_2728	0	0	3	0	0	3	0	2
ASV_2729	0	0	0	0	0	0	0	0
ASV_2731	0	0	0	0	0	0	0	0
ASV_2735	0	0	0	0	0	0	0	0
ASV_2739	0	0	0	0	0	0	0	0
ASV_2740	0	0	0	0	4	0	0	0
ASV_2741	0	0	0	0	0	0	0	0
ASV_2742	0	0	0	0	0	0	0	0
ASV_2745	0	0	0	0	0	0	0	0
ASV_2748	0	0	0	0	0	0	4	0
ASV_2757	0	0	0	0	0	0	0	1
ASV_2758	0	0	0	0	2	0	0	0
ASV_2759	0	0	0	0	0	0	1	0
ASV_2760	0	0	0	0	0	0	0	0
ASV_2761	0	0	0	4	0	0	0	0
ASV_2765	0	0	0	0	0	0	0	0
ASV_2776	0	0	0	0	0	3	0	0
ASV_2777	0	0	0	0	0	3	0	0
ASV_2778	0	0	0	0	0	0	0	0
ASV_2779	0	0	0	0	0	0	0	0
ASV_2780	0	0	0	0	0	0	0	0
ASV_2782	0	0	0	0	0	0	0	0
ASV_2783	0	0	0	0	0	0	0	0
ASV_2803	0	0	0	0	0	0	0	0
ASV_2804	0	0	0	0	2	0	0	0
ASV_2807	0	0	0	0	0	0	0	0
ASV_2808	0	0	0	0	0	0	2	0
ASV_2809	0	0	0	0	0	0	0	0
ASV_2810	0	0	0	0	0	0	0	0
ASV_2811	0	0	0	0	0	0	0	0
ASV_2813	0	0	0	0	0	0	0	0
ASV_2821	0	0	0	0	0	0	0	0
ASV_2822	0	0	0	0	0	0	0	0
ASV_2826	0	0	0	0	0	0	0	0
ASV_2827	0	0	0	0	0	0	0	0
ASV_2828	0	0	0	0	0	0	0	0
ASV_2829	0	0	0	0	0	0	0	0
ASV_2833	0	0	0	0	0	0	0	0
ASV_2834	0	0	2	0	0	0	0	0
ASV_2835	0	0	0	0	0	0	0	0
ASV_2838	6	2	8	7	0	11	12	4
ASV_2840	0	1	2	1	0	0	0	1
ASV_2841	0	0	1	3	0	2	0	2
ASV_2843	0	0	0	0	2	0	0	0
ASV_2845	11	2	2	1	0	1	6	0
ASV_2849	0	0	0	0	0	0	0	0
ASV_2850	0	0	0	0	0	0	0	0
ASV_2851	0	0	0	0	3	0	0	0
ASV_2853	0	0	0	0	0	0	0	0
ASV_2858	1	0	5	4	0	0	0	0
ASV_2860	0	0	0	0	0	0	0	0
ASV_2862	0	0	0	0	0	0	0	0
ASV_2864	0	0	0	0	0	7	0	0
ASV_2868	0	0	2	0	0	0	0	0
ASV_2876	0	0	0	0	0	0	0	0
ASV_2879	0	0	0	0	0	0	1	0
ASV_2880	0	0	0	0	0	0	0	0
ASV_2885	0	0	0	0	0	0	0	0
ASV_2894	0	0	0	0	0	0	0	0
ASV_2897	0	0	0	1	0	0	0	0
ASV_2903	0	0	0	0	0	0	0	0
ASV_2909	0	0	0	0	0	0	4	0
ASV_2911	0	0	0	0	0	0	0	0
ASV_2912	0	0	0	0	0	0	0	0
ASV_2914	0	1	0	0	0	0	11	0
ASV_2915	0	0	2	0	0	0	0	0
ASV_2916	1	1	0	4	0	2	0	2
ASV_2921	0	0	0	0	1	0	0	0
ASV_2923	0	0	0	0	0	0	4	4
ASV_2926	14	0	0	0	0	0	0	0
ASV_2927	3	0	0	0	0	0	7	0
ASV_2930	2	0	2	0	0	0	0	0
ASV_2935	0	0	0	0	0	0	0	0
ASV_2939	0	0	0	0	0	0	0	2
ASV_2944	0	0	0	0	0	0	0	0
ASV_2945	0	0	0	0	0	0	0	0
ASV_2947	0	0	0	0	0	1	0	0
ASV_2949	0	0	0	10	0	0	0	0
ASV_2957	0	0	0	0	0	0	1	0
ASV_2961	0	0	0	0	0	0	0	0
ASV_2962	0	0	0	0	0	0	11	0
ASV_2964	0	0	2	0	0	0	0	0
ASV_2966	0	0	0	0	0	0	0	0
ASV_2968	1	0	1	0	0	0	0	2
ASV_2978	0	0	0	0	0	0	0	0
ASV_2979	0	0	0	0	0	0	0	0
ASV_2980	0	0	0	0	0	0	0	0
ASV_2981	0	0	0	0	0	0	0	0
ASV_2982	0	2	0	2	0	0	6	0
ASV_2983	10	0	0	0	0	0	0	0
ASV_2995	0	0	0	0	0	0	0	0
ASV_2996	8	0	0	0	0	0	0	0
ASV_2997	3	0	1	1	0	0	0	1
ASV_2998	0	0	0	0	0	0	0	0
ASV_2999	0	0	0	0	0	0	0	0
ASV_3000	0	0	0	0	0	0	0	0
ASV_3001	0	0	0	0	0	0	0	0
ASV_3006	0	0	0	0	0	0	2	0
ASV_3007	2	0	0	0	0	2	0	0
ASV_3013	0	0	0	0	0	3	0	0
ASV_3014	0	0	0	0	0	0	0	0
ASV_3015	0	0	0	0	8	0	0	0
ASV_3016	0	0	0	0	0	0	0	0
ASV_3022	0	0	0	0	0	0	0	0
ASV_3035	0	0	0	0	0	0	0	0
ASV_3036	0	0	0	0	1	0	0	0
ASV_3037	0	0	0	0	0	2	0	0
ASV_3038	0	0	0	0	0	0	7	0
ASV_3047	0	2	0	0	0	0	0	0
ASV_3049	0	0	0	0	0	1	0	0
ASV_3051	2	0	0	0	0	0	0	0
ASV_3076	0	0	0	0	0	0	0	0
ASV_3077	0	0	0	0	0	0	0	0
ASV_3078	0	0	0	0	0	0	0	0
ASV_3079	0	0	0	0	0	6	0	0
ASV_3080	0	0	0	0	0	0	0	0
ASV_3081	0	0	0	0	0	0	0	0
ASV_3082	0	0	0	0	0	0	0	0
ASV_3083	0	0	0	0	0	0	0	0
ASV_3084	0	0	0	0	0	0	0	0
ASV_3086	0	0	0	0	0	0	0	0
ASV_3087	0	0	0	0	0	0	0	0
ASV_3088	0	0	0	0	0	0	0	0
ASV_3094	0	0	0	3	0	0	0	0
ASV_3115	0	0	0	0	0	3	0	0
ASV_3137	0	0	0	0	0	0	0	0
ASV_3138	0	0	0	0	1	0	0	0
ASV_3139	0	0	0	4	0	0	1	0
ASV_3140	0	0	0	0	0	0	0	5
ASV_3141	0	0	0	0	0	0	0	0
ASV_3142	0	0	0	0	0	0	0	0
ASV_3143	0	0	0	0	0	0	0	0
ASV_3144	0	0	0	0	0	0	0	0
ASV_3145	0	0	0	0	0	0	0	0
ASV_3154	0	0	1	0	0	0	0	0
ASV_3211	0	0	0	0	0	0	0	0
ASV_3212	0	0	0	0	0	0	0	0
ASV_3213	0	0	3	0	1	0	0	0
ASV_3214	0	0	0	0	0	0	0	0
ASV_3215	0	0	0	0	0	0	0	0
ASV_3216	0	0	0	0	0	0	0	0
ASV_3217	0	0	0	0	0	0	0	0
ASV_3219	0	0	0	0	0	4	0	0
ASV_3220	0	0	0	0	0	4	0	0
ASV_3221	0	0	0	0	0	0	0	0
ASV_3222	0	0	0	0	0	0	0	0
ASV_3223	0	0	0	0	0	0	0	0
ASV_3224	0	0	0	0	0	0	0	0
ASV_3225	0	0	0	0	0	0	0	0
ASV_3226	0	0	0	0	0	0	0	0
ASV_3228	0	0	0	0	0	0	0	0
ASV_3229	0	0	0	0	0	0	0	0
ASV_3230	0	0	0	0	0	0	0	0
ASV_3329	0	0	2	0	0	0	0	0
ASV_3351	0	0	0	0	0	0	0	0
ASV_3352	0	0	0	0	0	0	0	0
ASV_3353	0	0	0	0	0	0	0	0
ASV_3354	0	0	0	0	0	0	0	0
ASV_3355	0	0	0	0	0	0	0	0
ASV_3356	0	0	0	0	0	0	0	0
ASV_3361	0	0	0	0	0	3	0	0
ASV_3362	0	0	0	0	0	3	0	0
ASV_3363	0	0	0	0	0	3	0	0
ASV_3364	0	0	0	0	0	3	0	0
ASV_3365	0	0	0	0	0	0	0	0
ASV_3366	0	0	0	0	0	0	0	0
ASV_3367	0	0	0	0	0	0	3	0
ASV_3368	0	0	0	0	0	0	3	0
ASV_3369	0	1	0	0	0	0	2	0
ASV_3370	0	0	0	0	0	0	0	0
ASV_3371	0	0	0	0	0	0	0	0
ASV_3372	0	0	0	0	0	0	0	3
ASV_3373	0	0	0	0	0	0	0	0
ASV_3374	0	0	0	0	0	0	0	0
ASV_3375	0	0	0	0	0	0	0	0
ASV_3376	0	0	0	0	0	0	0	0
ASV_3377	0	0	0	0	0	0	0	0
ASV_3378	0	0	0	3	0	0	0	0
ASV_3379	0	0	0	2	0	0	0	0
ASV_3380	0	0	3	0	0	0	0	0
ASV_3381	0	0	0	0	0	0	0	0
ASV_3382	0	0	0	0	0	0	0	0
ASV_3383	0	0	0	0	0	0	0	0
ASV_3384	0	0	0	0	0	0	0	0
ASV_3385	2	0	0	0	0	0	0	0
ASV_3533	0	0	0	0	0	0	0	0
ASV_3534	0	0	0	0	0	0	0	0
ASV_3535	0	0	0	0	0	0	0	0
ASV_3536	0	0	0	0	0	0	0	0
ASV_3537	0	0	0	0	2	0	0	0
ASV_3538	0	0	0	0	2	0	0	0
ASV_3539	0	0	0	0	0	0	0	0
ASV_3540	0	0	0	0	0	0	0	0
ASV_3541	0	0	0	0	0	0	0	0
ASV_3544	0	0	0	0	0	2	0	0
ASV_3545	0	0	0	0	0	2	0	0
ASV_3546	0	0	0	0	0	2	0	0
ASV_3547	0	0	0	0	0	2	0	0
ASV_3548	0	0	0	0	0	0	0	0
ASV_3549	0	0	0	0	0	0	0	0
ASV_3550	0	0	0	0	0	0	2	0
ASV_3551	0	0	0	0	0	0	2	0
ASV_3552	0	0	0	0	0	0	2	0
ASV_3553	0	0	0	0	0	0	2	0
ASV_3554	0	0	0	0	0	0	2	0
ASV_3555	0	0	0	0	0	0	0	0
ASV_3556	0	0	0	0	0	0	0	0
ASV_3557	0	0	0	0	0	0	0	0
ASV_3558	0	0	0	0	0	0	0	0
ASV_3559	0	0	0	0	0	0	0	0
ASV_3560	0	0	0	0	0	0	0	0
ASV_3561	0	0	0	0	0	0	0	0
ASV_3562	0	0	0	0	0	0	0	0
ASV_3563	0	0	0	0	0	0	0	0
ASV_3567	0	0	0	2	0	0	0	0
ASV_3568	0	0	0	2	0	0	0	0
ASV_3569	0	0	0	2	0	0	0	0
ASV_3570	0	0	0	2	0	0	0	0
ASV_3571	0	0	0	0	0	0	0	0
ASV_3572	0	0	0	0	0	0	0	0
ASV_3573	0	0	0	0	0	0	0	0
ASV_3574	0	2	0	0	0	0	0	0
ASV_3575	0	0	0	0	0	0	0	0
ASV_3576	0	0	0	0	0	0	0	0
ASV_3577	0	0	0	0	0	0	0	0
ASV_3578	0	0	0	0	0	0	0	0
ASV_3579	2	0	0	0	0	0	0	0
ASV_3580	2	0	0	0	0	0	0	0
