#OTUID	CN18SKOA_ESP37_NN	CN18SKOA_ESP40_NN	CN18SKOA_ESP42_NN	CN18SKOA_ESP45_NN	CN18SKOA_ESP47_NN	CN18SKOA_ESP49_NN	CN18Sc09_2_eDNA_NN	CN18Sc10_2_eDNA_NN	CN18Sc14_2_eDNA_NN	CN18Sc15_2_eDNA_NN	CN18Sc18_2_eDNA_NN	CN18Sc27_2_eDNA_NN
ASV_1	1386	47	48	4917	8639	69	1798	41	4868	83	63	1350
ASV_2	909	532	15	36	376	1	2164	2765	257	4716	957	75
ASV_3	9885	6761	4067	15064	4331	23	1318	1261	3295	9	3355	7254
ASV_4	0	0	0	0	0	0	0	0	0	1	0	0
ASV_5	10764	1	161	9	8123	306	1874	0	3838	8	5346	17272
ASV_6	5877	5	42551	2	7327	7348	6797	2	7619	6	22954	12
ASV_7	0	0	0	0	0	0	0	0	1	0	0	0
ASV_8	1	0	3	1	0	1	1	0	0	0	0	2964
ASV_9	2	0	8	6	2	2	2	0	5	5	7037	40
ASV_10	0	3	0	0	3	0	17	0	0	4	1	293
ASV_11	0	0	1	1	1	2	8	0	3	1	1	2
ASV_13	0	0	0	0	0	0	0	0	0	0	0	0
ASV_15	3	0	10	1	16	6973	0	0	0	0	0	0
ASV_16	0	0	1	0	0	0	0	0	0	0	0	0
ASV_17	1	0	0	1	0	1	0	0	1	0	0	0
ASV_18	0	6	8439	5	9031	59	0	6	0	38	10	1
ASV_19	10043	1	3017	2	31	6021	4361	2	16	0	4064	572
ASV_21	0	0	1548	0	1	0	0	0	0	0	4337	0
ASV_22	0	0	1	0	0	0	0	0	0	0	0	0
ASV_23	4449	0	2343	0	0	1	6774	0	265	0	2755	1719
ASV_24	2	0	0	7	13	0	0	0	6	0	0	2
ASV_25	4	4	4	1	6	5	23	3	1	7	3	11
ASV_26	0	0	1	2	0	3	0	1	2	2	0	0
ASV_27	0	0	0	0	0	0	6	0	0	0	0	4593
ASV_28	1	0	17	0	20	2	0	0	0	12	65	0
ASV_29	0	0	6	0	0	0	0	0	0	1	5001	0
ASV_33	0	0	0	0	0	0	0	0	0	0	0	3
ASV_34	0	0	1	0	2	0	0	0	2	1	0	2
ASV_35	9	1	0	20	21	0	3	0	10	0	0	3
ASV_38	0	0	0	0	0	0	0	0	0	0	0	960
ASV_39	0	0	0	11	15	0	12	0	9	0	0	0
ASV_41	0	0	0	5	8	0	1	0	5	0	0	2
ASV_42	0	0	0	0	0	0	0	0	0	0	0	0
ASV_44	0	0	0	0	0	0	0	0	0	0	0	0
ASV_45	4	0	0	15	28	0	4	0	14	0	0	4
ASV_46	0	2	0	0	0	0	2	16319	0	0	0	0
ASV_47	6	0	0	1	1	7	4	1	1	0	1	4
ASV_48	5	3	0	0	0	0	0	0	0	0	3	0
ASV_50	0	0	0	0	8	0	1	0	6	0	0	0
ASV_51	0	0	0	0	0	0	0	0	0	0	0	0
ASV_52	20	22	12	57	8	0	5	6	7	1	14	953
ASV_57	0	0	0	0	0	0	0	0	0	0	0	0
ASV_58	4	0	3	0	0	3	0	0	0	0	8	0
ASV_59	0	0	0	0	0	0	0	0	0	0	0	0
ASV_62	1	0	0	4	1	0	0	0	0	0	0	0
ASV_63	1	2	0	0	0	0	0	0	0	0	0	0
ASV_65	0	1	0	1	0	0	0	0	2	0	0	0
ASV_68	0	0	2	0	0	0	0	0	0	0	422	0
ASV_72	18	0	2	0	8	1	4	0	8	0	8	1029
ASV_73	0	0	0	0	0	0	0	0	0	0	0	0
ASV_75	0	0	0	0	0	0	0	0	0	0	0	303
ASV_76	2320	0	0	0	0	0	1576	2	0	0	0	716
ASV_81	0	0	0	2	5	0	4	0	13	0	0	0
ASV_83	29	0	24	0	0	39	10	0	0	0	20	1
ASV_86	0	0	0	0	0	283	0	0	129	0	0	0
ASV_87	0	0	0	0	0	0	0	0	0	0	14	569
ASV_88	1136	4718	0	0	62	3	0	1	7	0	1616	5
ASV_90	0	0	0	1	0	0	2	0	0	0	0	0
ASV_91	1	0	0	0	1	0	0	0	1	1	0	0
ASV_93	2	0	0	0	0	1	0	0	0	0	0	0
ASV_94	13	0	3767	2	9	19191	9629	0	3	0	7	16
ASV_96	0	0	4425	1	1	0	0	0	0	0	1216	1
ASV_102	0	0	0	0	0	0	0	0	0	0	0	0
ASV_106	0	1	0	0	0	0	1	438	0	3	0	0
ASV_109	0	0	0	0	0	1	0	0	0	0	0	0
ASV_114	0	0	0	0	0	2	0	0	0	0	0	0
ASV_115	0	616	0	0	0	0	0	0	5	0	47	0
ASV_116	0	0	0	0	1	0	0	0	0	288	0	0
ASV_121	0	0	0	0	0	0	0	0	0	0	0	0
ASV_136	0	0	0	0	0	0	0	0	0	0	0	0
ASV_138	1	0	0	3	4	1	0	0	0	0	1	0
ASV_144	889	4	0	0	0	0	0	0	1	0	1	633
ASV_146	60	0	0	0	33	4	15	0	15	0	10	77
ASV_147	0	0	0	0	0	0	0	0	0	0	0	0
ASV_154	52	0	0	1	0	0	0	0	0	0	0	0
ASV_158	0	0	0	0	0	0	0	0	0	13	20	0
ASV_164	0	0	0	7	0	0	0	0	0	0	4	935
ASV_176	0	0	0	0	0	0	0	0	216	0	0	0
ASV_190	0	0	3	0	0	0	0	0	0	0	3	0
ASV_204	0	0	0	1	0	0	0	0	0	0	0	0
ASV_205	0	0	0	0	0	0	0	0	0	0	0	0
ASV_214	0	0	0	0	0	0	0	0	0	0	0	0
ASV_221	0	0	0	0	0	0	0	0	0	0	0	0
ASV_229	0	1	0	0	0	0	0	0	0	0	1	0
ASV_239	0	0	0	0	0	0	0	101	0	0	0	0
ASV_254	0	0	0	0	0	0	0	0	0	3	0	18
ASV_256	0	2	0	0	0	0	0	1	0	0	0	0
ASV_261	0	0	0	0	0	0	0	0	0	86	11	0
ASV_266	0	0	0	0	0	0	0	0	1	0	0	0
ASV_279	24	11	5	27	19	15	5	0	9	28	14	5
ASV_286	53	84	12	0	0	0	0	0	0	0	4	0
ASV_295	0	0	0	0	0	0	2	0	0	93	0	0
ASV_300	0	0	0	0	0	0	0	0	0	0	17	0
ASV_303	0	0	0	0	0	0	1	0	1	0	0	0
ASV_304	0	0	1	0	0	3	0	0	0	0	0	0
ASV_322	0	0	0	0	0	0	0	0	0	0	0	0
ASV_328	0	0	0	1	0	0	0	0	0	0	0	0
ASV_333	2	0	1	0	0	0	0	0	0	0	0	0
ASV_336	0	0	0	0	2	0	0	0	0	0	0	0
ASV_340	0	0	0	0	0	0	0	0	0	0	0	0
ASV_343	0	0	0	0	0	0	0	0	0	0	0	0
ASV_345	0	0	0	0	0	0	0	0	0	0	0	0
ASV_347	0	0	0	0	0	0	0	0	0	0	0	0
ASV_348	3	0	0	1	0	0	1	0	0	0	0	0
ASV_350	0	0	0	6	0	0	0	0	0	0	0	0
ASV_359	7	9	18	25	15	9	0	6	3	7	4	5
ASV_372	0	0	0	0	0	0	0	0	0	0	0	0
ASV_379	3	0	0	0	3	0	2	0	0	0	3	6
ASV_383	0	1	0	0	0	0	0	0	0	0	0	0
ASV_387	0	0	0	0	0	0	0	0	0	4	0	0
ASV_390	0	0	0	0	0	0	0	0	0	0	0	0
ASV_393	0	3	0	0	0	0	0	0	1	0	0	0
ASV_394	0	0	0	0	1	0	0	0	0	0	0	0
ASV_395	0	0	0	5	3	0	1	5	0	2	0	0
ASV_399	0	0	0	1	0	0	0	0	0	5	0	0
ASV_407	0	0	0	0	0	0	0	0	0	0	0	0
ASV_415	0	0	0	0	0	0	0	0	0	0	0	0
ASV_418	0	0	0	0	0	0	0	0	0	0	0	0
ASV_436	0	0	0	0	0	0	0	0	0	0	22	0
ASV_442	0	0	0	0	0	0	0	0	0	0	0	0
ASV_443	0	0	0	0	0	0	0	0	0	0	0	0
ASV_448	1	2	0	0	0	0	0	1	0	0	4	1
ASV_451	0	0	0	0	0	0	0	0	0	0	0	0
ASV_456	0	0	0	0	0	0	0	0	0	0	0	0
ASV_462	0	0	0	0	0	0	0	0	0	0	0	0
ASV_470	6	1	3	2	2	2	2	1	1	1	0	1
ASV_474	0	0	0	0	0	0	0	0	0	0	0	0
ASV_482	0	0	0	0	0	0	0	0	0	0	0	0
ASV_496	0	0	0	0	0	0	0	0	0	0	0	0
ASV_497	0	0	0	0	0	0	0	0	2	0	0	0
ASV_510	0	0	0	0	0	0	0	0	0	0	0	0
ASV_522	0	0	0	0	0	0	0	0	0	0	0	0
ASV_537	0	0	0	0	0	0	0	0	0	0	0	0
ASV_553	0	0	0	0	7	0	0	0	0	0	0	0
ASV_564	0	0	0	0	0	0	0	0	0	0	0	0
ASV_565	0	0	0	0	0	0	1	0	0	0	4	0
ASV_604	3	0	0	0	0	0	0	0	0	0	0	0
ASV_620	0	0	0	0	0	0	0	0	0	0	0	0
ASV_658	0	0	0	0	0	0	4	0	0	0	0	0
ASV_659	2	0	0	1	0	0	0	0	0	0	0	0
ASV_660	0	0	4	2	0	0	0	0	1	0	8	0
ASV_662	0	0	0	0	0	0	0	0	2	0	0	0
ASV_664	0	0	0	0	0	0	0	3	0	0	0	0
ASV_665	46	51	15	74	37	42	23	11	17	43	29	7
ASV_667	0	0	0	0	0	0	0	1	0	0	3	0
ASV_669	8	3	7	4	1	5	8	2	6	9	1	1
ASV_673	16	10	9	44	24	2	9	5	18	29	2	0
ASV_674	0	0	0	0	0	0	0	0	0	0	0	0
ASV_675	0	0	0	0	0	0	0	0	0	0	0	0
ASV_676	0	0	0	0	0	0	0	0	0	5	0	0
ASV_678	0	0	0	0	0	0	0	0	0	0	0	0
ASV_679	33	8	8	20	14	6	4	3	4	24	7	0
ASV_680	2	0	0	0	0	0	0	0	0	0	0	0
ASV_681	0	0	0	0	0	0	0	0	0	0	0	0
ASV_686	0	0	0	0	0	0	0	0	0	0	0	0
ASV_687	0	0	0	0	0	0	0	0	0	0	0	0
ASV_688	0	0	0	0	0	0	0	0	0	0	0	0
ASV_689	0	0	0	0	0	0	0	0	0	0	0	0
ASV_690	0	0	0	0	0	0	0	0	0	0	0	0
ASV_692	0	0	0	0	0	0	0	0	0	0	0	0
ASV_693	0	1	0	0	0	0	0	0	0	0	0	0
ASV_694	3	0	0	0	0	0	0	0	0	0	0	0
ASV_697	3	12	0	16	8	1	0	1	6	2	0	3
ASV_698	0	0	0	0	0	0	0	0	0	0	0	0
ASV_700	0	0	0	0	0	0	0	0	0	0	0	0
ASV_701	0	0	0	0	0	0	0	0	0	0	0	0
ASV_703	0	0	0	0	0	0	0	0	0	0	0	0
ASV_708	0	0	0	0	0	0	0	0	0	0	0	0
ASV_709	11	9	2	37	6	8	13	0	15	22	0	4
ASV_710	0	0	0	0	0	0	0	0	0	0	0	0
ASV_713	0	0	0	0	0	0	0	0	0	0	0	0
ASV_718	2	1	0	0	0	0	0	0	4	0	0	0
ASV_720	0	0	0	0	0	0	0	0	0	0	0	0
ASV_721	0	0	0	0	0	0	0	0	0	0	0	0
ASV_722	3	2	1	4	2	0	0	0	0	15	0	2
ASV_726	0	2	0	0	0	8	0	0	0	0	0	0
ASV_727	0	0	0	0	0	0	0	0	0	0	0	0
ASV_732	0	0	0	0	0	0	0	0	0	0	0	0
ASV_733	0	0	0	0	0	0	0	0	0	0	0	0
ASV_736	0	0	0	0	0	0	0	0	0	0	0	0
ASV_737	0	0	0	0	0	0	0	0	0	0	0	0
ASV_739	0	0	0	0	0	0	0	0	0	0	0	0
ASV_743	0	0	0	0	0	0	0	0	0	0	0	0
ASV_754	7	0	0	0	1	0	3	0	2	1	0	0
ASV_760	2	0	0	9	2	0	2	0	1	4	5	1
ASV_764	4	2	0	1	2	0	0	5	1	14	2	0
ASV_765	1	0	0	0	0	0	0	0	0	0	0	0
ASV_767	0	0	0	0	0	0	0	0	0	0	0	0
ASV_774	0	0	0	0	2	0	0	0	0	6	0	0
ASV_776	0	0	0	0	0	0	0	0	0	0	0	0
ASV_777	0	3	0	0	0	3	0	0	0	2	0	0
ASV_782	0	0	0	0	0	10	0	0	1	0	0	0
ASV_784	0	0	0	0	0	0	0	0	0	0	0	0
ASV_786	3	3	0	0	0	2	0	0	0	0	3	3
ASV_793	0	0	0	0	0	0	0	0	0	0	0	0
ASV_795	0	0	0	0	0	0	0	0	0	0	0	0
ASV_798	0	0	0	0	0	0	0	0	0	0	0	0
ASV_801	0	0	0	0	0	0	0	0	0	0	0	0
ASV_814	0	0	2	0	1	1	0	0	5	2	1	0
ASV_820	0	0	0	0	0	0	0	0	0	0	0	0
ASV_828	0	0	0	0	0	0	0	0	0	0	0	0
ASV_832	2	0	0	2	1	0	0	1	1	2	0	0
ASV_843	0	0	0	0	0	0	0	0	0	0	0	0
ASV_845	0	0	0	0	0	0	3	0	0	0	0	0
ASV_850	0	1	0	0	2	3	0	0	0	4	0	0
ASV_852	0	0	0	0	0	0	0	0	0	0	0	0
ASV_858	1	0	0	0	0	0	0	0	0	0	0	1
ASV_885	0	0	0	0	0	0	0	0	2	0	0	0
ASV_892	0	0	0	0	0	0	0	0	0	0	0	0
ASV_893	0	0	0	0	0	0	0	0	0	0	0	0
ASV_905	0	0	20	0	5	0	2	0	6	0	0	0
ASV_906	0	0	0	0	0	0	0	0	0	0	0	0
ASV_913	0	0	0	0	0	0	0	0	0	0	0	0
ASV_919	0	3	0	0	0	0	0	0	0	0	0	4
ASV_921	0	0	0	0	0	0	0	0	0	0	0	0
ASV_936	0	0	0	2	0	0	0	0	11	2	0	0
ASV_937	0	0	0	28	0	1	0	0	0	0	0	0
ASV_946	0	0	0	0	0	0	0	0	0	0	0	0
ASV_952	0	0	0	1	0	1	0	0	0	4	0	0
ASV_963	0	0	0	0	0	0	0	0	0	0	0	0
ASV_994	0	0	0	0	0	0	0	0	0	0	0	0
ASV_996	0	0	0	0	0	0	0	0	0	0	0	0
ASV_1012	0	0	0	0	0	0	0	0	0	0	0	0
ASV_1026	0	0	0	0	0	0	0	0	0	0	0	0
ASV_1051	0	0	0	0	0	0	0	0	0	0	0	0
ASV_1055	4	1	0	0	0	0	1	0	0	0	0	0
ASV_1078	0	0	0	0	0	0	0	0	0	0	2	0
ASV_1090	71	441	0	4	0	3	0	10	2	0	0	0
ASV_1104	0	0	0	0	0	0	0	0	0	0	0	0
ASV_1109	0	0	0	0	0	0	0	0	0	0	0	0
ASV_1169	0	0	0	0	0	0	0	0	0	0	0	0
ASV_1235	0	0	0	0	7	0	0	0	0	0	0	0
ASV_1264	0	0	0	0	0	0	0	0	0	0	0	0
ASV_1340	0	2	0	0	0	0	0	0	0	0	0	0
ASV_1361	0	0	0	0	0	0	0	0	0	0	0	0
ASV_1388	0	0	0	0	0	0	0	0	0	0	0	0
ASV_1395	0	0	0	0	0	0	0	0	0	0	0	0
ASV_1528	0	0	0	0	0	0	0	0	0	0	0	0
ASV_1615	0	0	0	0	0	0	0	0	0	0	0	0
ASV_1663	0	0	0	0	0	0	0	0	0	0	0	0
ASV_1664	5	0	0	8	20	0	9	0	6	0	0	0
ASV_1665	0	0	0	0	0	0	0	0	0	0	0	0
ASV_1666	0	0	0	0	0	0	0	0	0	0	0	0
ASV_1667	0	0	0	0	0	0	0	0	0	0	0	0
ASV_1668	0	0	0	0	0	0	0	0	0	0	0	0
ASV_1669	0	0	8	0	7	0	0	0	0	0	0	0
ASV_1670	0	0	0	0	0	0	0	0	0	0	0	0
ASV_1671	0	0	0	0	0	0	0	0	0	0	0	0
ASV_1672	0	0	0	0	0	0	0	0	0	0	0	0
ASV_1673	0	0	0	0	0	0	0	0	0	0	0	0
ASV_1674	0	0	0	0	0	0	0	0	0	0	0	0
ASV_1675	0	0	0	0	0	0	0	0	0	0	0	0
ASV_1676	0	0	0	0	0	0	0	0	0	0	0	0
ASV_1677	0	0	0	0	0	0	0	0	0	0	0	0
ASV_1678	0	0	0	0	0	0	0	0	0	0	0	0
ASV_1679	0	0	0	0	0	0	0	0	0	0	0	0
ASV_1680	0	0	0	0	0	0	0	0	0	0	0	0
ASV_1681	0	0	0	0	0	0	0	0	0	0	0	0
ASV_1682	0	0	0	0	0	0	0	0	0	0	0	0
ASV_1683	0	0	0	0	0	0	0	0	0	0	0	0
ASV_1684	0	0	0	0	0	0	0	0	0	0	0	0
ASV_1685	0	0	0	0	0	0	0	0	0	0	0	0
ASV_1686	0	0	0	0	0	0	0	0	0	0	0	0
ASV_1687	0	0	0	0	0	0	0	0	0	0	0	0
ASV_1689	0	0	0	0	0	0	0	0	0	0	0	0
ASV_1690	0	0	0	0	0	0	0	0	0	0	0	0
ASV_1691	0	0	0	0	0	0	0	0	0	0	0	0
ASV_1692	0	0	0	0	0	0	0	0	0	0	0	0
ASV_1693	0	0	0	0	0	0	0	0	0	0	0	0
ASV_1694	0	0	0	0	0	0	0	0	0	0	0	0
ASV_1695	0	0	0	0	0	0	0	0	0	0	0	0
ASV_1696	0	0	0	0	0	0	0	0	0	0	0	0
ASV_1697	0	0	0	0	0	0	0	0	0	0	0	0
ASV_1698	0	0	0	0	0	0	0	0	0	0	0	0
ASV_1699	0	0	0	0	0	0	0	0	0	0	0	0
ASV_1700	0	0	0	0	0	0	0	0	0	0	0	0
ASV_1701	0	0	0	0	0	0	0	0	0	0	0	0
ASV_1702	0	0	0	0	0	0	0	0	0	0	0	0
ASV_1703	0	0	0	0	0	0	0	0	0	0	0	0
ASV_1704	0	0	0	0	0	0	0	0	0	0	0	0
ASV_1705	0	0	0	0	0	0	0	0	0	0	0	0
ASV_1706	0	0	0	0	0	0	0	0	0	0	0	0
ASV_1707	0	0	0	0	0	0	0	0	0	0	0	0
ASV_1708	0	0	0	0	0	0	0	0	0	0	0	0
ASV_1709	0	0	0	0	0	0	0	0	0	0	0	0
ASV_1710	0	0	0	0	0	0	0	0	0	0	0	0
ASV_1711	0	0	0	0	0	0	0	0	0	0	0	0
ASV_1713	0	0	0	0	0	0	0	0	0	0	0	0
ASV_1714	0	0	0	0	0	0	0	0	0	0	0	0
ASV_1715	0	0	0	0	0	0	0	0	0	0	0	0
ASV_1716	0	0	0	0	0	0	0	0	0	0	0	0
ASV_1717	0	0	0	0	0	0	0	0	0	0	0	0
ASV_1718	0	0	0	0	0	0	0	0	0	0	0	0
ASV_1719	0	0	0	0	0	0	0	0	0	0	0	0
ASV_1720	0	0	0	0	0	0	0	0	0	0	0	0
ASV_1721	0	0	0	0	0	0	0	0	0	0	0	0
ASV_1723	0	0	0	0	0	0	0	0	0	0	0	0
ASV_1725	0	0	0	0	0	0	0	0	0	0	0	0
ASV_1727	3	0	0	1	2	0	1	8	2	1	2	0
ASV_1728	0	0	0	0	0	0	0	0	0	0	0	0
ASV_1729	0	0	0	0	0	0	0	0	0	0	0	0
ASV_1730	0	0	0	0	0	0	0	0	0	0	0	0
ASV_1731	0	0	0	0	0	0	0	0	0	0	0	0
ASV_1732	0	0	0	0	0	0	0	0	0	0	0	0
ASV_1733	0	0	0	0	0	0	0	0	0	0	0	0
ASV_1735	0	0	0	0	0	0	0	0	0	0	0	0
ASV_1737	0	0	0	0	0	0	0	0	0	0	0	0
ASV_1738	0	0	0	0	0	0	0	0	0	0	0	0
ASV_1739	0	0	0	0	0	0	0	0	0	0	0	0
ASV_1741	0	0	0	0	0	0	0	0	0	0	0	0
ASV_1742	0	0	0	0	0	0	0	0	0	0	0	0
ASV_1744	0	0	0	0	0	0	0	0	0	0	0	0
ASV_1745	0	0	0	0	0	0	0	0	0	0	0	0
ASV_1746	0	0	0	0	0	0	0	0	0	0	0	0
ASV_1747	0	0	0	0	0	0	0	0	0	0	0	0
ASV_1748	0	0	0	0	0	0	0	0	0	0	0	0
ASV_1749	0	0	0	0	0	0	0	0	0	0	0	0
ASV_1750	0	0	0	0	0	0	0	0	0	0	0	0
ASV_1751	0	0	0	0	0	0	0	0	0	0	0	0
ASV_1752	0	0	0	0	0	0	0	0	0	0	0	0
ASV_1753	0	0	0	0	0	0	0	0	0	0	0	0
ASV_1754	0	0	0	0	0	0	0	0	0	0	0	0
ASV_1757	0	0	0	0	0	0	0	0	0	0	0	0
ASV_1758	0	0	0	0	0	0	0	0	0	0	0	0
ASV_1760	0	0	0	0	0	0	0	0	0	0	0	0
ASV_1761	0	0	0	0	0	0	0	0	0	0	0	0
ASV_1762	0	0	0	0	0	0	0	0	0	0	0	0
ASV_1763	0	0	0	0	0	0	0	0	0	0	0	0
ASV_1764	0	0	0	0	0	0	0	0	0	0	0	0
ASV_1765	0	0	0	0	0	0	0	0	0	0	0	0
ASV_1766	0	0	0	0	0	0	0	0	0	0	0	0
ASV_1768	0	0	0	0	0	0	0	0	0	0	0	0
ASV_1769	0	0	0	0	0	0	0	0	0	0	0	0
ASV_1770	0	0	0	0	0	0	0	0	0	0	0	0
ASV_1771	0	0	0	0	0	0	0	0	0	0	0	0
ASV_1772	0	0	0	0	0	0	0	0	0	0	0	0
ASV_1773	0	0	0	0	0	0	0	0	0	0	0	0
ASV_1774	0	0	0	0	0	0	0	0	0	0	0	0
ASV_1775	0	0	0	0	0	0	0	0	0	0	0	0
ASV_1776	0	0	0	0	0	0	0	0	0	0	0	0
ASV_1778	0	0	0	0	0	0	0	0	0	0	0	0
ASV_1779	0	0	0	0	0	0	0	0	0	0	0	0
ASV_1780	0	0	0	0	0	0	0	0	0	0	0	0
ASV_1781	0	0	0	0	0	0	0	0	0	0	0	0
ASV_1782	0	0	0	0	0	0	0	0	0	0	0	0
ASV_1784	0	0	0	0	0	0	0	0	0	0	0	0
ASV_1787	0	0	0	0	0	0	0	0	1	0	0	0
ASV_1788	0	0	0	0	0	0	0	0	0	0	0	0
ASV_1789	0	0	0	0	0	0	0	0	0	0	0	0
ASV_1790	0	0	0	0	0	0	0	0	0	0	0	0
ASV_1791	0	0	0	0	0	0	0	0	0	0	0	0
ASV_1792	0	0	0	0	0	0	0	0	0	0	0	0
ASV_1793	0	0	0	0	0	0	0	0	0	0	0	0
ASV_1794	0	0	0	0	0	0	0	0	0	0	0	0
ASV_1795	0	0	0	0	0	0	0	0	0	0	0	0
ASV_1796	0	0	0	0	0	0	0	0	0	0	0	0
ASV_1797	1	0	0	0	2	0	0	0	1	0	0	0
ASV_1798	0	0	0	0	0	0	0	0	0	0	0	0
ASV_1799	0	0	0	0	0	0	0	0	0	0	0	0
ASV_1800	0	0	0	0	0	0	0	0	0	0	0	0
ASV_1801	0	0	0	0	0	0	0	0	0	0	0	0
ASV_1802	0	0	0	0	0	0	0	0	0	0	0	0
ASV_1805	0	0	0	0	0	0	0	0	0	0	0	0
ASV_1807	0	0	0	0	0	0	0	0	0	0	0	0
ASV_1808	0	0	0	0	0	0	0	0	0	0	0	0
ASV_1810	0	0	0	0	0	0	0	0	0	0	0	0
ASV_1811	0	0	0	0	0	0	0	0	0	0	0	2
ASV_1812	0	0	0	0	0	0	0	0	0	0	0	0
ASV_1813	0	0	0	0	0	0	0	0	0	0	0	0
ASV_1814	0	0	0	0	0	0	0	0	0	0	0	0
ASV_1816	0	0	0	0	0	0	0	0	0	0	0	0
ASV_1817	0	0	0	0	0	0	0	0	0	0	0	0
ASV_1818	0	0	0	0	0	0	0	0	0	0	0	0
ASV_1821	0	0	0	0	0	0	0	0	0	0	0	0
ASV_1823	0	0	0	0	0	0	0	0	0	0	0	0
ASV_1824	0	0	0	0	0	0	0	0	0	0	0	0
ASV_1825	0	0	0	0	0	0	0	0	0	0	0	0
ASV_1826	0	0	0	0	0	0	0	0	0	0	0	0
ASV_1827	0	0	0	0	0	0	0	0	0	0	0	0
ASV_1828	0	0	0	0	0	0	0	0	0	0	0	0
ASV_1829	0	0	0	0	0	0	0	0	0	0	0	0
ASV_1832	0	0	0	0	4	0	0	0	0	0	3	0
ASV_1833	0	0	0	0	0	0	0	0	0	0	0	0
ASV_1834	0	0	0	0	0	0	0	0	0	0	0	0
ASV_1835	0	0	0	0	0	0	0	0	0	0	0	0
ASV_1837	0	0	0	0	0	0	0	0	0	0	0	0
ASV_1838	0	0	0	0	0	0	0	0	0	0	0	0
ASV_1839	0	0	0	0	0	0	0	0	0	0	0	0
ASV_1840	0	0	0	0	0	0	0	0	0	0	0	0
ASV_1841	0	0	0	0	0	0	0	0	0	0	0	0
ASV_1842	0	0	0	0	0	0	0	0	0	0	0	0
ASV_1843	0	0	0	0	0	0	0	0	0	0	0	0
ASV_1845	0	0	0	0	0	0	0	0	0	0	0	0
ASV_1848	0	0	0	0	0	0	0	0	0	0	0	0
ASV_1849	0	0	0	0	0	0	0	0	0	0	0	0
ASV_1850	0	0	0	0	0	0	0	0	0	0	0	0
ASV_1852	0	0	0	0	0	0	0	0	0	0	0	0
ASV_1857	0	0	0	0	0	0	0	0	0	0	0	0
ASV_1858	0	0	0	0	0	0	0	0	0	0	0	0
ASV_1861	0	0	0	0	0	0	0	0	0	0	0	0
ASV_1862	0	0	0	0	0	0	0	0	0	0	0	0
ASV_1863	0	0	0	0	0	0	0	0	0	0	0	0
ASV_1867	0	0	0	0	0	0	0	0	0	0	0	0
ASV_1870	0	0	0	0	0	0	0	0	0	0	0	0
ASV_1871	0	0	0	0	0	0	0	0	0	0	0	0
ASV_1872	0	0	0	0	0	0	0	0	0	0	0	0
ASV_1873	0	0	0	0	0	0	0	0	0	0	0	0
ASV_1874	0	0	0	0	0	0	0	0	0	0	0	0
ASV_1876	0	0	0	0	0	0	0	0	0	0	0	0
ASV_1878	0	0	0	0	0	0	0	0	0	0	0	0
ASV_1879	0	0	0	0	0	0	0	0	0	0	0	0
ASV_1881	0	0	0	0	0	0	0	0	0	0	0	0
ASV_1882	0	0	0	0	0	0	0	0	0	0	0	0
ASV_1884	0	0	0	0	0	0	0	0	0	0	0	0
ASV_1885	0	0	0	0	0	0	0	0	0	0	0	0
ASV_1890	0	0	0	0	0	0	0	0	0	0	0	0
ASV_1894	0	0	0	0	0	0	0	0	0	0	0	0
ASV_1897	0	0	0	0	0	0	0	0	0	0	0	0
ASV_1899	0	0	0	0	0	0	0	0	0	0	0	0
ASV_1900	0	0	0	0	0	0	0	0	0	0	0	0
ASV_1910	0	0	0	0	0	0	0	0	0	0	0	0
ASV_1911	0	0	0	0	0	0	0	0	0	0	0	0
ASV_1913	0	0	0	0	0	0	0	0	0	0	0	0
ASV_1920	0	0	0	0	0	0	0	0	0	0	0	0
ASV_1921	0	0	0	0	0	0	0	0	0	0	0	0
ASV_1923	0	0	0	0	0	0	0	0	0	0	0	0
ASV_1924	0	0	0	0	0	0	0	0	0	0	0	0
ASV_1930	0	0	0	0	0	0	0	0	0	0	0	0
ASV_1931	0	0	0	0	0	0	0	0	0	0	0	0
ASV_1932	0	0	0	0	0	0	0	0	0	0	0	0
ASV_1933	0	0	0	0	0	0	0	0	0	0	0	0
ASV_1935	0	0	0	0	0	0	0	0	0	0	0	0
ASV_1953	0	0	0	0	0	0	0	0	0	0	0	0
ASV_1957	0	0	0	0	0	0	0	0	0	0	0	0
ASV_1958	0	0	0	0	0	0	0	0	0	0	0	0
ASV_1959	0	0	0	0	0	0	0	0	0	0	0	0
ASV_1960	0	0	0	0	0	0	0	0	0	0	0	0
ASV_1962	0	0	0	0	0	0	0	0	0	0	0	0
ASV_1963	0	0	0	0	0	0	0	0	0	0	0	0
ASV_1964	0	0	0	0	0	0	0	0	0	0	0	0
ASV_1965	0	0	0	0	0	0	0	0	0	0	0	0
ASV_1966	0	0	0	0	0	0	0	0	0	0	0	0
ASV_1967	0	0	0	0	0	0	0	0	0	0	0	0
ASV_1968	0	0	0	0	0	0	0	0	0	0	0	0
ASV_1969	0	0	0	0	0	0	0	0	0	0	0	0
ASV_1970	0	0	0	0	0	0	0	0	0	0	0	0
ASV_1974	0	0	0	0	0	0	0	0	0	0	0	0
ASV_1975	0	0	0	0	0	0	0	0	0	0	0	0
ASV_1976	0	0	0	0	0	0	0	0	0	0	0	0
ASV_1978	0	0	0	0	0	0	0	0	0	0	0	0
ASV_1979	0	0	0	0	0	0	0	0	0	0	0	0
ASV_1980	0	0	0	0	0	0	0	0	0	0	0	0
ASV_1981	0	0	0	0	0	0	0	0	0	0	0	0
ASV_1983	0	0	0	0	0	0	7	0	0	6	0	0
ASV_1984	0	0	0	0	0	0	0	0	0	0	0	0
ASV_1985	0	0	0	0	0	0	0	0	0	0	0	0
ASV_1986	0	0	0	0	0	0	0	0	0	0	0	0
ASV_1991	0	0	0	0	0	0	0	0	0	0	0	0
ASV_1992	0	0	0	0	0	0	0	0	0	0	0	0
ASV_1999	0	0	0	0	0	0	0	0	0	0	0	0
ASV_2000	0	0	0	0	0	0	0	0	0	0	0	0
ASV_2001	0	0	0	0	0	0	0	0	0	0	0	0
ASV_2002	0	0	0	0	0	0	0	0	0	0	0	0
ASV_2006	0	0	0	0	0	0	0	0	0	0	0	0
ASV_2007	0	0	0	0	0	0	0	0	0	0	0	0
ASV_2008	0	0	0	0	0	0	0	0	0	0	0	0
ASV_2009	0	0	0	0	0	0	0	0	0	0	0	0
ASV_2013	0	0	0	0	0	0	0	0	0	0	0	0
ASV_2014	0	0	0	0	0	0	0	0	0	0	0	0
ASV_2016	0	0	0	0	0	0	0	0	0	0	0	0
ASV_2019	0	0	0	0	0	0	0	0	0	0	0	0
ASV_2020	0	0	0	0	0	0	0	0	0	0	0	0
ASV_2021	0	0	0	0	0	0	0	0	0	0	0	0
ASV_2026	0	0	0	0	0	0	0	0	0	0	0	0
ASV_2027	0	0	0	0	0	0	0	0	0	0	0	0
ASV_2031	0	0	0	0	0	0	0	0	0	0	0	0
ASV_2032	0	0	0	0	0	0	0	0	0	0	0	0
ASV_2035	0	0	0	0	0	0	0	0	0	0	0	0
ASV_2036	0	0	0	0	0	0	0	0	0	0	0	0
ASV_2037	0	0	0	0	0	0	0	0	0	0	0	0
ASV_2039	0	0	0	0	0	0	0	0	0	0	0	0
ASV_2040	0	0	0	0	0	0	0	0	0	0	0	0
ASV_2050	0	0	0	0	0	0	0	0	0	0	0	0
ASV_2056	0	0	0	0	0	0	0	0	0	0	0	0
ASV_2057	0	0	0	0	0	0	0	0	0	0	0	0
ASV_2058	0	0	0	0	0	0	0	0	0	0	0	0
ASV_2059	0	0	0	0	0	0	0	0	0	0	0	0
ASV_2061	0	0	0	0	0	0	0	0	0	0	0	0
ASV_2066	0	0	0	0	0	0	0	0	0	0	0	0
ASV_2067	0	0	0	0	0	0	0	0	0	0	0	0
ASV_2068	0	0	0	0	0	0	0	0	0	0	0	0
ASV_2069	0	0	0	0	0	0	0	0	0	0	0	0
ASV_2070	0	0	0	0	0	0	0	0	0	0	0	0
ASV_2072	0	0	0	0	0	0	0	0	0	0	0	0
ASV_2073	0	0	0	0	0	0	0	0	0	0	0	0
ASV_2075	0	0	0	0	0	0	0	0	0	0	0	0
ASV_2076	0	0	0	0	0	0	0	0	0	0	0	0
ASV_2078	0	0	0	0	0	0	0	0	0	0	0	0
ASV_2079	0	0	0	0	0	0	0	0	0	0	0	0
ASV_2080	0	0	0	0	0	0	0	0	0	0	0	0
ASV_2081	0	0	0	0	0	0	0	0	0	0	0	0
ASV_2082	0	0	0	0	0	0	0	0	0	0	0	0
ASV_2086	0	0	0	0	0	0	0	0	0	0	0	0
ASV_2087	0	0	0	0	0	0	0	0	0	0	0	0
ASV_2089	0	0	0	0	0	0	0	0	0	0	0	0
ASV_2090	0	0	0	0	0	0	0	0	0	0	0	0
ASV_2091	0	0	0	0	0	0	0	0	0	0	0	0
ASV_2093	0	0	0	0	0	0	0	0	0	0	0	0
ASV_2094	0	0	0	0	0	0	0	0	0	0	0	0
ASV_2096	0	0	0	0	0	0	0	0	0	0	0	0
ASV_2097	0	0	0	0	0	0	0	0	0	0	0	0
ASV_2098	0	0	0	0	0	0	0	0	0	0	0	0
ASV_2099	0	0	0	0	0	0	0	0	0	0	0	0
ASV_2108	0	0	0	0	0	0	0	0	0	0	0	0
ASV_2109	0	0	0	0	0	0	0	0	0	0	0	0
ASV_2110	0	0	0	0	0	0	0	0	0	0	0	0
ASV_2111	0	0	0	0	0	0	0	0	0	0	0	0
ASV_2112	0	0	0	0	0	0	0	0	0	0	0	0
ASV_2113	0	0	0	0	0	0	0	0	0	0	0	0
ASV_2114	0	0	0	0	0	0	0	0	0	0	0	0
ASV_2115	0	0	0	0	0	0	0	0	0	0	0	0
ASV_2116	0	0	0	0	0	0	0	0	0	0	0	0
ASV_2117	0	0	0	0	0	0	0	0	0	0	0	0
ASV_2118	0	0	0	0	0	0	0	0	0	0	0	0
ASV_2119	0	0	0	0	0	0	0	0	0	0	0	0
ASV_2122	0	0	0	0	0	0	0	0	0	0	0	0
ASV_2123	0	0	0	0	0	0	0	0	0	0	0	0
ASV_2124	0	0	0	0	0	0	0	0	0	0	0	0
ASV_2128	0	0	0	0	0	0	0	0	0	0	0	0
ASV_2129	0	0	0	0	0	0	0	0	0	0	0	0
ASV_2130	0	0	0	0	0	0	0	0	0	0	0	0
ASV_2138	0	0	0	0	0	0	0	0	0	0	0	0
ASV_2139	0	0	0	0	0	0	0	0	0	0	0	0
ASV_2140	0	0	0	0	0	0	0	0	0	0	0	0
ASV_2141	0	0	0	0	0	0	0	0	0	0	0	0
ASV_2144	0	0	0	0	0	0	0	0	0	0	0	0
ASV_2148	4	3	0	0	0	0	0	0	1	0	0	0
ASV_2151	0	0	0	0	0	0	0	0	0	0	0	0
ASV_2152	0	0	0	0	0	0	0	0	0	0	0	0
ASV_2153	0	0	0	0	0	0	0	0	0	0	0	0
ASV_2154	0	0	0	0	0	0	0	0	0	0	0	0
ASV_2155	0	0	0	0	0	0	0	0	0	0	0	0
ASV_2156	0	0	0	0	0	0	0	0	0	0	0	0
ASV_2157	0	0	0	0	0	0	0	0	0	0	0	0
ASV_2158	0	0	0	0	0	0	0	0	0	0	0	0
ASV_2159	0	0	0	0	0	0	0	0	0	0	0	0
ASV_2160	0	0	0	0	0	0	0	0	0	0	0	0
ASV_2161	0	0	0	0	0	0	0	0	0	0	0	0
ASV_2162	0	0	0	0	0	0	0	0	0	0	0	0
ASV_2169	0	0	0	0	0	0	0	0	0	0	0	0
ASV_2172	0	0	0	0	0	0	0	0	0	0	0	0
ASV_2175	0	0	0	0	0	0	0	0	0	0	0	0
ASV_2176	0	0	0	0	0	0	0	0	0	0	0	0
ASV_2179	0	0	0	0	0	0	0	0	0	0	0	0
ASV_2180	0	0	0	0	0	0	0	0	0	0	0	0
ASV_2183	0	0	0	0	0	0	0	0	0	0	0	0
ASV_2184	0	0	0	0	0	0	0	0	0	0	0	0
ASV_2185	0	0	0	0	0	0	0	0	0	0	0	0
ASV_2188	0	0	0	0	0	0	0	0	0	0	0	0
ASV_2192	0	0	0	0	0	0	0	0	0	0	0	0
ASV_2193	0	0	0	0	0	0	0	0	0	0	0	0
ASV_2196	0	0	0	0	0	0	0	0	0	0	0	0
ASV_2200	0	0	0	0	0	0	0	0	0	0	0	0
ASV_2204	0	0	0	0	0	0	0	0	0	0	0	0
ASV_2205	0	0	0	0	0	0	0	0	0	0	0	0
ASV_2206	0	0	0	0	0	0	0	0	0	0	0	0
ASV_2207	0	0	0	0	0	0	0	0	0	0	0	0
ASV_2208	0	0	0	0	0	0	0	0	0	0	0	0
ASV_2209	0	0	0	0	0	0	0	0	0	0	0	0
ASV_2219	0	0	0	0	0	0	0	0	0	0	0	0
ASV_2222	0	0	0	0	0	0	0	0	0	0	0	0
ASV_2224	0	0	0	0	0	0	0	0	0	0	0	0
ASV_2225	0	0	0	0	0	0	0	0	0	0	0	0
ASV_2226	0	0	0	0	0	0	0	0	0	0	0	0
ASV_2227	0	0	0	0	0	0	0	0	0	0	0	0
ASV_2228	0	0	0	0	0	0	0	0	0	0	0	0
ASV_2230	0	0	0	0	0	0	0	0	0	0	0	0
ASV_2231	0	0	0	0	0	0	0	0	0	0	0	0
ASV_2233	0	0	0	0	0	0	0	0	0	0	0	0
ASV_2234	0	0	0	0	0	0	0	0	0	0	0	0
ASV_2236	0	0	0	0	0	0	0	0	0	0	0	0
ASV_2237	0	0	0	0	0	0	0	0	0	0	0	0
ASV_2238	0	0	0	0	0	0	0	0	0	0	0	0
ASV_2239	0	0	0	0	0	0	0	0	0	0	0	0
ASV_2245	0	0	0	0	0	0	0	0	0	0	0	0
ASV_2248	0	0	0	0	0	0	0	0	0	0	0	0
ASV_2250	0	0	0	0	0	0	0	0	0	0	0	0
ASV_2251	0	0	0	0	0	0	0	0	0	0	0	0
ASV_2252	0	0	0	0	0	0	0	0	0	0	0	0
ASV_2253	0	0	0	0	0	0	0	0	0	0	0	0
ASV_2260	1	0	0	7	0	0	0	0	3	0	0	0
ASV_2268	0	0	0	0	0	0	0	0	0	0	0	0
ASV_2269	0	0	0	0	0	0	0	0	0	0	0	0
ASV_2270	0	0	0	0	0	0	0	0	0	0	0	0
ASV_2271	0	0	0	0	0	0	0	0	0	0	0	0
ASV_2272	0	0	0	0	0	0	0	0	0	0	0	0
ASV_2273	0	0	0	0	0	0	0	0	0	0	0	0
ASV_2274	0	0	0	0	0	0	0	0	0	0	0	0
ASV_2275	0	0	0	0	0	0	0	0	0	0	0	0
ASV_2276	0	0	0	0	0	0	0	0	0	0	0	0
ASV_2277	0	0	0	0	0	0	0	0	0	0	0	0
ASV_2278	0	0	0	0	0	0	0	0	0	0	0	0
ASV_2279	0	0	0	0	0	0	0	0	0	0	0	0
ASV_2280	0	0	0	0	0	0	0	0	0	0	0	0
ASV_2281	0	0	0	0	0	0	0	0	0	0	0	0
ASV_2282	0	0	0	0	0	0	0	0	0	0	0	0
ASV_2283	0	0	0	0	0	0	0	0	0	0	0	0
ASV_2284	0	0	0	0	0	0	0	0	0	0	0	0
ASV_2285	0	0	0	0	0	0	0	0	0	0	0	0
ASV_2286	0	0	0	0	0	0	0	0	0	0	0	0
ASV_2287	0	0	0	0	0	0	0	0	0	0	0	0
ASV_2288	0	0	0	0	0	0	0	0	0	0	0	0
ASV_2289	0	0	0	0	0	0	0	0	0	0	0	0
ASV_2290	0	0	0	0	0	0	0	0	0	0	0	0
ASV_2291	0	0	0	0	0	0	0	0	0	0	0	0
ASV_2292	0	0	0	0	0	0	0	0	0	0	0	0
ASV_2293	0	0	0	0	0	0	0	0	0	0	0	0
ASV_2294	0	0	0	0	0	0	0	0	0	0	0	0
ASV_2304	0	0	0	0	0	0	0	0	0	0	0	0
ASV_2305	0	0	0	0	0	0	0	0	0	0	0	0
ASV_2314	0	0	0	0	0	0	0	0	0	0	0	0
ASV_2316	0	0	0	0	0	0	0	0	0	0	0	0
ASV_2318	0	0	0	0	0	0	0	0	0	0	0	0
ASV_2319	0	0	0	0	0	0	0	0	0	0	0	0
ASV_2320	0	0	0	0	0	0	0	0	0	0	0	0
ASV_2324	0	0	0	0	0	0	0	0	0	0	0	0
ASV_2326	0	0	0	0	0	0	0	0	0	0	0	0
ASV_2327	0	0	0	0	0	0	0	0	0	0	0	0
ASV_2328	0	0	0	0	0	0	0	0	0	0	0	0
ASV_2329	0	0	0	0	0	0	0	0	0	0	0	0
ASV_2330	0	0	0	0	0	0	0	0	0	0	0	0
ASV_2342	0	0	0	0	0	0	0	0	0	0	0	0
ASV_2379	0	0	0	0	0	0	0	0	0	0	0	0
ASV_2380	0	0	0	0	0	0	0	0	0	0	0	0
ASV_2381	0	0	0	0	0	0	0	0	0	0	0	0
ASV_2382	0	0	0	0	0	0	0	0	0	0	0	0
ASV_2383	0	0	0	0	0	0	0	0	0	0	0	0
ASV_2384	0	0	0	0	0	0	0	0	0	0	0	0
ASV_2385	0	0	0	0	0	0	0	0	0	0	0	0
ASV_2386	0	0	0	0	0	0	0	0	0	0	0	0
ASV_2387	0	0	0	0	0	0	0	0	0	0	0	0
ASV_2388	0	0	0	0	0	0	0	0	0	0	0	0
ASV_2389	0	0	0	0	0	0	0	0	0	0	0	0
ASV_2390	0	0	0	0	0	0	0	0	0	0	0	0
ASV_2391	0	0	0	0	0	0	0	0	0	0	0	0
ASV_2392	0	0	0	0	0	0	0	0	0	0	0	0
ASV_2393	0	0	0	0	0	0	0	0	0	0	0	0
ASV_2394	0	0	0	0	0	0	0	0	0	0	0	0
ASV_2395	0	0	0	0	0	0	0	0	0	0	0	0
ASV_2396	0	0	0	0	0	0	0	0	0	0	0	0
ASV_2397	0	0	0	0	0	0	0	0	0	0	0	0
ASV_2398	0	0	0	0	0	0	0	0	0	0	0	0
ASV_2399	0	0	0	0	0	0	0	0	0	0	0	0
ASV_2400	0	0	0	0	0	0	0	0	0	0	0	0
ASV_2401	0	0	0	0	0	0	0	0	0	0	0	0
ASV_2402	0	0	0	0	0	0	0	0	0	0	0	0
ASV_2403	0	0	0	0	0	0	0	0	0	0	0	0
ASV_2404	0	0	0	0	0	0	0	0	0	0	0	0
ASV_2405	0	0	0	0	0	0	0	0	0	0	0	0
ASV_2406	0	0	0	0	0	0	0	0	0	0	0	0
ASV_2407	0	0	0	0	0	0	0	0	0	0	0	0
ASV_2408	0	0	0	0	0	0	0	0	0	0	0	0
ASV_2409	0	0	0	0	0	0	0	0	0	0	0	0
ASV_2410	0	0	0	0	0	0	0	0	0	0	0	0
ASV_2411	0	0	0	0	0	0	0	0	0	0	0	0
ASV_2412	0	0	0	0	0	0	0	0	0	0	0	0
ASV_2423	0	0	0	0	0	0	0	0	0	0	0	0
ASV_2424	0	0	0	0	0	0	0	0	0	0	0	0
ASV_2425	0	0	0	0	0	0	0	0	0	0	0	0
ASV_2437	0	0	0	0	0	0	0	0	0	0	0	0
ASV_2440	0	0	0	0	0	0	1	0	0	4	0	2
ASV_2441	0	0	0	0	1	0	0	0	0	3	0	0
ASV_2442	2	0	1	11	27	0	2	0	20	1	0	3
ASV_2443	0	0	0	0	0	0	1	3	0	0	0	1
ASV_2444	18	67	2	0	10586	3	0	0	0	2	22	0
ASV_2445	0	9660	0	0	1	0	0	3	0	0	0	0
ASV_2446	0	0	0	0	0	0	1	0	0	0	0	0
ASV_2447	0	0	0	3	11	0	4	0	11	0	0	0
ASV_2448	0	0	1	0	0	5464	0	0	0	0	0	0
ASV_2449	3	0	0	0	0	5	0	0	0	0	0	0
ASV_2450	0	0	0	1	0	0	0	0	0	0	0	0
ASV_2451	0	0	1	0	0	0	2	0	0	0	3	0
ASV_2452	0	0	0	0	0	0	0	0	5125	0	0	0
ASV_2453	0	0	0	0	0	0	0	0	0	0	0	0
ASV_2454	6	0	0	11	23	0	2	0	7	0	0	2
ASV_2455	0	0	0	0	1	0	0	0	0	1	0	0
ASV_2456	0	0	0	3	14	0	8	1	10	1	0	7
ASV_2457	0	0	0	0	0	0	0	0	0	0	0	0
ASV_2458	0	4	1	2	1	0	6	6	1	10	0	0
ASV_2459	0	0	0	13	41	0	4	0	14	0	0	7
ASV_2460	2	2	0	1	2	0	1	11	1	7	5	0
ASV_2461	0	0	0	0	0	0	0	0	0	1	0	0
ASV_2462	0	0	0	0	0	0	1	0	0	0	0	0
ASV_2463	0	0	0	2	3	0	3	0	2	0	0	5
ASV_2464	1	0	0	2	1	0	3	0	2	0	0	0
ASV_2465	0	0	0	0	2	0	0	0	0	0	0	0
ASV_2466	0	0	0	0	0	0	0	0	0	0	0	0
ASV_2467	0	0	1	1	2	0	0	0	3	0	0	0
ASV_2468	0	0	5	0	19	0	0	0	0	0	0	0
ASV_2469	0	0	0	0	0	0	2	0	0	0	0	2455
ASV_2470	0	0	0	0	0	0	0	2410	0	0	0	0
ASV_2471	0	0	18	0	30	0	1	0	0	3	0	0
ASV_2473	0	0	0	0	0	0	0	0	0	0	0	0
ASV_2474	0	0	0	0	0	0	1	0	0	0	0	0
ASV_2475	5	0	0	0	1	0	2	3	0	6	4	0
ASV_2476	0	0	0	0	0	0	0	0	0	0	2	1
ASV_2477	3	0	0	0	11	0	1	0	4	1	0	2
ASV_2478	0	0	0	1	2	0	2	0	1	0	0	0
ASV_2479	26	0	3	0	32	0	5	0	12	1	13	41
ASV_2480	0	0	0	8	3	0	0	0	4	0	0	0
ASV_2483	0	0	0	0	1	0	0	0	0	0	0	0
ASV_2484	1671	1	0	0	1	0	0	0	0	0	0	0
ASV_2485	2	0	0	0	2	0	4	3	0	8	3	0
ASV_2486	0	0	0	0	0	0	1	0	0	0	0	0
ASV_2487	0	0	0	0	0	0	0	0	0	0	0	0
ASV_2488	0	1	0	0	0	0	0	0	0	0	0	0
ASV_2489	0	0	11	0	26	1	0	0	0	1	0	0
ASV_2490	1462	0	0	0	11	0	0	0	4	0	0	6
ASV_2493	0	0	0	0	0	0	0	0	1	0	0	14
ASV_2495	1	0	0	1	0	0	1	0	0	1	0	0
ASV_2496	0	0	0	0	0	0	0	0	0	0	0	0
ASV_2497	0	0	0	0	0	0	0	0	0	0	26	0
ASV_2498	0	0	25	0	19	0	0	0	0	2	0	0
ASV_2499	3	1	0	0	1	0	4	10	2	22	19	0
ASV_2502	0	0	0	1	0	0	1	0	0	1	4	0
ASV_2503	0	0	0	0	0	0	1	0	0	0	0	1096
ASV_2504	21	0	0	0	29	3	2	0	22	0	16	12
ASV_2505	0	0	6	0	7	0	0	0	0	2	0	0
ASV_2506	0	0	8	0	27	0	0	0	0	0	0	0
ASV_2507	0	0	0	2	0	0	0	0	0	0	0	0
ASV_2509	0	0	2	0	0	1086	10	0	0	0	0	0
ASV_2510	0	0	0	0	1	0	2	0	0	0	0	1093
ASV_2511	0	0	7	0	8	0	0	0	0	0	0	0
ASV_2512	0	0	3	0	1	0	0	0	0	0	0	0
ASV_2513	0	0	21	0	35	0	0	0	0	0	0	0
ASV_2515	0	0	0	0	0	0	1	5	1	1	1	0
ASV_2516	0	0	1	0	0	0	0	0	0	0	0	0
ASV_2517	0	0	9	0	33	0	0	0	0	0	0	0
ASV_2518	0	0	0	0	0	0	0	0	0	0	0	2
ASV_2519	0	0	7	0	45	0	0	0	0	1	0	0
ASV_2520	26	9	10	24	11	1	0	0	7	0	10	18
ASV_2522	0	0	15	0	5	0	0	0	0	1	0	0
ASV_2523	0	0	46	0	47	2	0	0	0	0	0	0
ASV_2524	54	24	19	63	22	0	1	3	21	0	14	50
ASV_2525	0	0	10	1	3	2	0	0	0	0	0	0
ASV_2526	0	0	0	0	0	0	0	0	0	0	0	24
ASV_2528	22	0	0	0	39	0	15	0	15	0	20	565
ASV_2529	0	0	3	0	4	0	0	0	0	0	0	0
ASV_2531	0	0	26	0	30	0	0	0	0	0	0	0
ASV_2533	0	0	0	673	0	0	0	0	0	0	0	17
ASV_2535	4	0	670	0	7	1	2	0	4	0	10	0
ASV_2537	0	0	0	0	0	0	1	0	0	0	0	0
ASV_2538	0	0	1	0	0	0	1	0	0	0	0	0
ASV_2539	0	1	25	0	23	0	0	0	0	0	0	0
ASV_2540	0	0	13	0	23	0	0	0	0	0	0	0
ASV_2541	34	25	24	86	11	0	6	7	28	0	16	30
ASV_2542	39	4	4	12	3	2	2	2	1	0	5	6
ASV_2544	25	0	0	0	13	0	9	0	7	0	99	46
ASV_2545	0	0	0	0	0	0	0	0	0	1	0	28
ASV_2546	5	0	0	0	9	0	2	0	3	0	5	560
ASV_2547	0	0	0	1	0	0	0	0	0	0	0	0
ASV_2551	0	0	11	0	0	530	36	0	0	0	0	1
ASV_2553	3	0	35	0	18	9	2	0	463	0	20	0
ASV_2554	0	0	0	0	0	0	0	0	0	0	0	2
ASV_2555	15	0	0	0	10	0	2	0	8	0	7	41
ASV_2557	0	0	0	0	1	0	0	0	0	0	0	0
ASV_2558	0	0	0	0	0	0	0	0	0	0	0	0
ASV_2561	0	0	19	0	3	0	0	0	0	0	0	0
ASV_2562	6	0	0	0	3	0	5	0	0	0	2	438
ASV_2565	26	14	10	27	8	0	4	3	10	0	1	320
ASV_2567	0	0	0	0	0	2	0	0	0	0	0	0
ASV_2569	0	0	0	0	0	0	1	0	0	0	0	427
ASV_2571	1	0	0	0	0	0	0	0	0	0	0	0
ASV_2574	0	0	0	0	418	0	0	0	0	0	0	0
ASV_2575	0	0	0	0	0	0	0	0	0	0	0	415
ASV_2577	0	0	0	0	0	0	0	0	0	0	0	10
ASV_2578	0	0	0	0	0	0	408	0	0	0	0	0
ASV_2579	0	0	0	0	0	1	0	0	0	0	0	2
ASV_2580	0	0	0	0	0	0	0	0	0	0	0	0
ASV_2581	18	0	3	0	1	10	7	0	0	0	6	0
ASV_2583	0	0	0	0	0	0	0	0	0	0	0	369
ASV_2585	0	0	0	0	0	0	0	0	0	0	0	9
ASV_2586	0	0	2	0	0	0	0	0	0	0	199	0
ASV_2588	0	0	0	0	0	0	314	0	0	0	0	0
ASV_2589	0	0	2	0	0	0	0	0	0	0	1	307
ASV_2590	0	0	0	1	0	0	0	0	0	0	0	0
ASV_2591	0	0	0	0	0	0	0	0	0	0	22	0
ASV_2593	0	0	0	0	0	0	0	0	0	0	0	303
ASV_2594	0	0	0	0	0	0	0	0	0	0	0	1
ASV_2595	0	0	0	0	0	0	0	0	0	0	0	0
ASV_2596	2	0	0	0	0	0	0	0	0	0	0	0
ASV_2597	0	279	0	0	0	0	0	1	0	0	0	0
ASV_2609	0	0	0	0	0	0	0	0	0	0	219	0
ASV_2613	1	0	0	0	200	0	0	0	0	0	0	0
ASV_2614	0	0	0	0	0	26	0	0	0	0	0	0
ASV_2618	0	0	0	0	0	0	0	0	0	0	0	4
ASV_2619	0	0	0	0	0	0	0	0	0	0	0	0
ASV_2622	0	0	0	0	0	0	0	0	0	0	0	183
ASV_2623	16	0	2	0	0	13	9	0	0	0	9	0
ASV_2628	0	0	0	0	0	0	0	0	0	0	0	0
ASV_2630	144	0	0	0	0	0	0	0	0	0	0	0
ASV_2634	0	0	0	2	0	0	0	0	0	1	0	0
ASV_2635	1	0	0	1	9	1	7	0	1	1	0	14
ASV_2636	25	13	2	27	7	3	5	9	4	27	3	2
ASV_2641	0	0	0	0	0	0	0	0	0	0	0	112
ASV_2642	0	0	2	0	0	0	0	0	0	0	0	0
ASV_2644	0	0	0	0	0	0	0	0	103	0	0	0
ASV_2646	0	0	0	0	0	0	0	1	0	1	0	0
ASV_2648	0	0	0	0	0	0	1	0	0	0	0	0
ASV_2651	9	0	6	0	0	19	10	0	0	0	11	1
ASV_2653	0	0	0	0	0	0	0	0	0	0	0	0
ASV_2657	0	0	0	0	0	1	0	0	0	0	0	0
ASV_2658	0	0	0	0	0	0	0	0	0	0	0	0
ASV_2660	0	0	1	0	20	0	0	28	3	2	0	0
ASV_2663	0	0	0	51	0	0	0	0	0	0	0	0
ASV_2664	0	0	0	0	0	0	0	0	0	0	0	0
ASV_2667	4	0	6	0	2	0	0	0	0	0	35	0
ASV_2668	1	0	0	0	0	0	1	1	0	0	1	0
ASV_2669	0	0	0	0	34	0	0	0	0	0	0	0
ASV_2670	0	0	1	0	0	0	0	0	1	1	0	0
ASV_2676	0	0	0	0	0	0	0	0	0	0	0	0
ASV_2677	0	0	0	0	0	0	1	0	0	0	0	0
ASV_2679	2	0	4	0	1	1	2	0	0	0	18	0
ASV_2680	0	0	0	0	0	0	0	0	0	0	0	0
ASV_2683	0	0	0	6	0	0	0	0	0	0	0	0
ASV_2685	19	0	0	0	4	0	0	0	0	0	0	0
ASV_2686	0	0	0	0	0	0	0	0	0	0	0	0
ASV_2688	0	0	0	0	0	0	0	0	0	0	0	0
ASV_2689	0	0	0	0	0	0	0	0	0	0	0	0
ASV_2690	0	0	0	0	0	0	0	0	0	0	0	0
ASV_2694	4	3	1	0	1	0	0	3	0	6	1	0
ASV_2695	0	19	0	0	0	0	0	0	0	0	0	0
ASV_2696	0	0	0	0	0	0	0	0	0	4	0	0
ASV_2699	2	0	0	0	0	1	0	0	1	0	3	8
ASV_2702	2	0	0	7	0	0	1	0	0	0	3	0
ASV_2704	0	0	0	0	0	0	0	0	0	0	0	1
ASV_2706	15	0	0	0	0	0	0	0	0	0	0	0
ASV_2708	3	0	0	2	0	2	0	0	0	6	1	0
ASV_2710	0	0	0	0	1	0	0	0	2	0	4	2
ASV_2716	0	0	0	11	0	0	0	0	0	0	0	0
ASV_2718	0	0	0	0	0	0	0	0	0	1	0	0
ASV_2721	1	1	1	0	0	0	0	0	1	0	3	0
ASV_2725	0	0	0	0	0	0	0	0	0	0	0	0
ASV_2726	0	0	0	0	0	0	0	0	0	0	0	0
ASV_2727	0	2	0	2	2	0	1	0	0	0	2	0
ASV_2728	0	0	0	0	0	0	0	0	0	0	0	0
ASV_2729	0	0	0	8	0	0	0	0	0	0	0	0
ASV_2731	0	0	7	0	0	0	0	0	0	0	0	0
ASV_2735	3	0	0	0	0	0	0	0	0	0	1	0
ASV_2739	0	0	2	0	0	0	0	0	0	0	0	0
ASV_2740	0	0	0	0	0	0	0	0	0	0	2	0
ASV_2741	0	0	0	0	6	0	0	0	0	0	0	0
ASV_2742	0	0	0	6	0	0	0	0	0	0	0	0
ASV_2745	0	0	0	0	0	0	0	0	4	0	0	0
ASV_2748	0	0	0	0	0	0	0	0	0	0	0	0
ASV_2757	0	0	0	0	0	0	0	0	0	0	0	0
ASV_2758	0	0	0	0	1	1	0	0	0	0	0	0
ASV_2759	0	0	0	0	0	0	0	0	0	3	0	0
ASV_2760	0	0	4	0	0	0	0	0	0	0	0	0
ASV_2761	0	0	0	0	0	0	0	0	0	0	0	0
ASV_2765	0	0	0	0	2	0	0	0	0	0	0	0
ASV_2776	0	0	0	0	0	0	0	0	0	0	0	0
ASV_2777	0	0	0	0	0	0	0	0	0	0	0	0
ASV_2778	0	0	0	0	0	0	0	0	0	0	3	0
ASV_2779	0	0	0	3	0	0	0	0	0	0	0	0
ASV_2780	0	0	0	3	0	0	0	0	0	0	0	0
ASV_2782	0	3	0	0	0	0	0	0	0	0	0	0
ASV_2783	2	1	0	0	0	0	0	0	0	0	0	0
ASV_2803	0	0	0	0	0	0	0	2	0	0	0	0
ASV_2804	0	0	0	0	0	0	0	0	0	0	0	0
ASV_2807	0	0	0	0	0	0	0	0	0	0	2	0
ASV_2808	0	0	0	0	0	0	0	0	0	0	0	0
ASV_2809	0	0	0	0	0	0	0	0	0	0	0	2
ASV_2810	0	0	0	0	2	0	0	0	0	0	0	0
ASV_2811	0	0	0	2	0	0	0	0	0	0	0	0
ASV_2813	2	0	0	0	0	0	0	0	0	0	0	0
ASV_2821	0	0	0	1	0	0	0	0	0	0	0	0
ASV_2822	1	0	0	0	0	0	0	0	0	0	0	0
ASV_2826	0	0	0	0	0	0	557	0	0	0	0	0
ASV_2827	0	0	0	0	0	0	360	1	0	0	0	0
ASV_2828	0	0	0	0	0	0	279	0	0	0	0	0
ASV_2829	0	0	0	0	0	0	235	0	0	0	0	0
ASV_2833	0	0	0	0	0	0	95	0	0	0	0	0
ASV_2834	0	0	0	0	0	0	0	0	0	0	0	0
ASV_2835	0	0	0	0	0	0	89	0	0	0	0	0
ASV_2838	0	0	0	0	0	0	0	0	0	0	0	0
ASV_2840	0	0	1	0	0	0	0	0	0	0	0	0
ASV_2841	0	1	0	0	0	0	0	0	0	0	0	0
ASV_2843	6	0	4	11	1	16	1	0	3	2	0	1
ASV_2845	0	0	0	0	0	0	0	0	0	0	0	0
ASV_2849	5	18	0	1	2	3	1	0	0	9	4	0
ASV_2850	25	14	0	0	0	0	0	0	0	0	0	2
ASV_2851	5	7	0	5	1	4	6	4	3	1	0	0
ASV_2853	0	0	0	0	0	36	0	0	0	0	0	0
ASV_2858	0	0	0	0	0	0	0	0	0	0	0	0
ASV_2860	4	1	0	0	6	1	1	0	11	2	3	4
ASV_2862	0	0	0	4	4	24	0	0	0	0	0	0
ASV_2864	0	0	0	0	0	0	0	0	0	0	0	0
ASV_2868	0	0	0	0	0	0	0	0	0	0	0	0
ASV_2876	0	0	0	0	0	0	0	0	0	25	1	0
ASV_2879	0	0	0	0	0	0	0	0	0	0	0	0
ASV_2880	0	0	0	25	0	0	0	0	0	0	0	0
ASV_2885	0	0	1	0	2	0	0	0	0	0	0	0
ASV_2894	6	0	0	1	0	3	1	0	1	8	0	0
ASV_2897	0	0	0	0	0	0	0	0	0	0	0	0
ASV_2903	18	0	0	0	0	0	0	0	0	0	0	0
ASV_2909	0	0	0	0	0	0	0	0	0	0	0	0
ASV_2911	0	0	0	0	0	0	0	17	0	0	0	0
ASV_2912	3	12	0	0	0	0	0	0	0	0	0	2
ASV_2914	0	0	0	0	0	0	0	0	0	0	0	0
ASV_2915	0	0	0	0	0	0	0	0	0	14	0	0
ASV_2916	0	0	0	0	0	0	0	0	0	0	0	0
ASV_2921	0	0	0	0	0	0	0	0	0	11	0	2
ASV_2923	0	0	0	0	0	0	0	0	0	0	0	0
ASV_2926	0	0	0	0	0	0	0	0	0	0	0	0
ASV_2927	0	0	0	0	0	0	0	0	0	0	0	0
ASV_2930	0	0	0	0	0	0	0	0	0	0	0	0
ASV_2935	1	9	0	0	0	0	0	0	0	0	0	3
ASV_2939	0	0	0	0	0	0	0	0	0	0	0	0
ASV_2944	2	0	0	0	0	3	0	0	0	2	0	0
ASV_2945	0	0	0	0	0	0	0	0	0	0	12	0
ASV_2947	0	0	0	0	0	0	0	0	0	0	0	0
ASV_2949	0	0	0	0	0	0	0	0	0	0	0	0
ASV_2957	0	0	0	0	0	0	0	0	0	0	0	0
ASV_2961	0	0	0	0	0	0	0	0	0	11	0	0
ASV_2962	0	0	0	0	0	0	0	0	0	0	0	0
ASV_2964	0	0	0	0	0	0	0	0	0	0	0	0
ASV_2966	0	0	1	0	0	0	0	0	0	0	0	0
ASV_2968	0	0	0	0	0	0	0	0	0	0	0	0
ASV_2978	2	0	0	0	0	0	6	1	0	0	0	0
ASV_2979	2	0	0	7	0	0	0	0	1	0	0	0
ASV_2980	0	0	0	0	0	0	0	0	0	10	0	0
ASV_2981	0	0	0	0	0	0	0	0	0	10	0	0
ASV_2982	0	0	0	0	0	0	0	0	0	0	0	0
ASV_2983	0	0	0	0	0	0	0	0	0	0	0	0
ASV_2995	0	0	0	0	0	0	0	9	0	0	0	0
ASV_2996	0	0	0	0	0	0	0	0	0	1	0	0
ASV_2997	0	0	0	0	0	0	0	0	0	0	0	2
ASV_2998	0	0	0	0	9	0	0	0	0	0	0	0
ASV_2999	0	0	0	9	0	0	0	0	0	0	0	0
ASV_3000	0	0	0	9	0	0	0	0	0	0	0	0
ASV_3001	0	9	0	0	0	0	0	0	0	0	0	0
ASV_3006	0	0	0	0	0	0	0	0	0	0	0	0
ASV_3007	0	0	0	0	0	0	0	0	0	0	0	0
ASV_3013	0	0	0	0	0	0	0	0	0	0	0	0
ASV_3014	0	0	0	0	0	0	0	0	0	7	0	0
ASV_3015	0	0	0	0	0	0	0	0	0	0	0	0
ASV_3016	0	8	0	0	0	0	0	0	0	0	0	0
ASV_3022	0	0	0	0	0	0	2	0	0	0	0	0
ASV_3035	5	0	0	0	0	0	0	0	2	0	0	0
ASV_3036	0	0	0	0	6	0	0	0	0	0	0	0
ASV_3037	0	0	0	0	0	0	0	0	0	0	0	0
ASV_3038	0	0	0	0	0	0	0	0	0	0	0	0
ASV_3047	0	0	0	0	0	0	0	0	0	0	0	0
ASV_3049	0	0	0	0	0	0	0	0	0	0	0	0
ASV_3051	0	0	0	0	0	0	0	0	0	0	0	0
ASV_3076	2	0	0	0	0	0	1	0	0	3	0	0
ASV_3077	0	0	0	0	0	0	0	0	6	0	0	0
ASV_3078	0	0	0	0	0	0	0	0	0	6	0	0
ASV_3079	0	0	0	0	0	0	0	0	0	0	0	0
ASV_3080	0	0	0	0	0	0	0	0	0	0	6	0
ASV_3081	0	0	0	4	0	0	0	0	0	0	0	2
ASV_3082	0	0	0	3	3	0	0	0	0	0	0	0
ASV_3083	0	0	0	6	0	0	0	0	0	0	0	0
ASV_3084	2	0	0	4	0	0	0	0	0	0	0	0
ASV_3086	0	6	0	0	0	0	0	0	0	0	0	0
ASV_3087	6	0	0	0	0	0	0	0	0	0	0	0
ASV_3088	6	0	0	0	0	0	0	0	0	0	0	0
ASV_3094	0	0	0	0	0	0	0	0	0	0	0	0
ASV_3115	0	0	0	0	0	0	0	0	0	0	0	0
ASV_3137	0	0	0	0	0	0	0	5	0	0	0	0
ASV_3138	0	0	0	0	0	0	0	0	0	0	4	0
ASV_3139	0	0	0	0	0	0	0	0	0	0	0	0
ASV_3140	0	0	0	0	0	0	0	0	0	0	0	0
ASV_3141	0	0	0	0	5	0	0	0	0	0	0	0
ASV_3142	0	0	0	0	5	0	0	0	0	0	0	0
ASV_3143	0	0	0	5	0	0	0	0	0	0	0	0
ASV_3144	0	0	0	5	0	0	0	0	0	0	0	0
ASV_3145	0	5	0	0	0	0	0	0	0	0	0	0
ASV_3154	0	0	0	0	0	0	0	0	0	0	0	0
ASV_3211	0	0	0	0	0	0	4	0	0	0	0	0
ASV_3212	0	0	0	0	0	0	0	4	0	0	0	0
ASV_3213	0	0	0	0	0	0	0	0	0	0	0	0
ASV_3214	0	0	0	0	0	0	0	0	0	4	0	0
ASV_3215	0	0	0	0	0	0	0	0	0	4	0	0
ASV_3216	0	0	0	0	0	0	0	0	0	4	0	0
ASV_3217	3	0	0	0	0	0	0	0	0	1	0	0
ASV_3219	0	0	0	0	0	0	0	0	0	0	0	0
ASV_3220	0	0	0	0	0	0	0	0	0	0	0	0
ASV_3221	0	0	2	0	0	0	0	0	0	0	0	2
ASV_3222	0	0	0	0	4	0	0	0	0	0	0	0
ASV_3223	0	0	0	0	4	0	0	0	0	0	0	0
ASV_3224	0	0	0	0	4	0	0	0	0	0	0	0
ASV_3225	0	2	0	2	0	0	0	0	0	0	0	0
ASV_3226	0	3	0	1	0	0	0	0	0	0	0	0
ASV_3228	4	0	0	0	0	0	0	0	0	0	0	0
ASV_3229	4	0	0	0	0	0	0	0	0	0	0	0
ASV_3230	4	0	0	0	0	0	0	0	0	0	0	0
ASV_3329	0	0	0	0	0	0	0	0	0	0	0	0
ASV_3351	0	0	0	0	0	0	3	0	0	0	0	0
ASV_3352	0	0	0	0	0	0	3	0	0	0	0	0
ASV_3353	0	0	0	0	0	0	0	0	0	3	0	0
ASV_3354	0	0	0	0	0	0	0	0	0	3	0	0
ASV_3355	0	0	0	0	0	0	0	0	0	3	0	0
ASV_3356	0	0	0	0	2	0	0	0	0	1	0	0
ASV_3361	0	0	0	0	0	0	0	0	0	0	0	0
ASV_3362	0	0	0	0	0	0	0	0	0	0	0	0
ASV_3363	0	0	0	0	0	0	0	0	0	0	0	0
ASV_3364	0	0	0	0	0	0	0	0	0	0	0	0
ASV_3365	0	0	0	0	0	0	0	0	0	0	3	0
ASV_3366	0	0	0	0	0	0	0	0	0	0	3	0
ASV_3367	0	0	0	0	0	0	0	0	0	0	0	0
ASV_3368	0	0	0	0	0	0	0	0	0	0	0	0
ASV_3369	0	0	0	0	0	0	0	0	0	0	0	0
ASV_3370	0	0	0	0	0	0	0	0	0	0	0	3
ASV_3371	0	0	0	0	0	0	0	0	0	0	0	3
ASV_3372	0	0	0	0	0	0	0	0	0	0	0	0
ASV_3373	0	0	0	0	3	0	0	0	0	0	0	0
ASV_3374	0	0	0	0	3	0	0	0	0	0	0	0
ASV_3375	0	0	0	3	0	0	0	0	0	0	0	0
ASV_3376	0	0	0	3	0	0	0	0	0	0	0	0
ASV_3377	0	0	0	3	0	0	0	0	0	0	0	0
ASV_3378	0	0	0	0	0	0	0	0	0	0	0	0
ASV_3379	0	0	0	0	0	0	0	0	0	0	0	0
ASV_3380	0	0	0	0	0	0	0	0	0	0	0	0
ASV_3381	0	3	0	0	0	0	0	0	0	0	0	0
ASV_3382	3	0	0	0	0	0	0	0	0	0	0	0
ASV_3383	3	0	0	0	0	0	0	0	0	0	0	0
ASV_3384	3	0	0	0	0	0	0	0	0	0	0	0
ASV_3385	0	0	0	0	0	0	0	0	0	0	0	0
ASV_3533	0	0	0	0	0	0	2	0	0	0	0	0
ASV_3534	0	0	0	0	0	0	2	0	0	0	0	0
ASV_3535	0	0	0	0	0	0	0	2	0	0	0	0
ASV_3536	0	0	0	0	0	0	0	0	2	0	0	0
ASV_3537	0	0	0	0	0	0	0	0	0	0	0	0
ASV_3538	0	0	0	0	0	0	0	0	0	0	0	0
ASV_3539	0	0	0	0	0	0	0	0	0	2	0	0
ASV_3540	0	0	0	0	0	0	0	0	0	2	0	0
ASV_3541	0	0	0	0	0	0	0	0	0	2	0	0
ASV_3544	0	0	0	0	0	0	0	0	0	0	0	0
ASV_3545	0	0	0	0	0	0	0	0	0	0	0	0
ASV_3546	0	0	0	0	0	0	0	0	0	0	0	0
ASV_3547	0	0	0	0	0	0	0	0	0	0	0	0
ASV_3548	0	0	0	0	0	0	0	0	0	0	2	0
ASV_3549	0	0	0	0	0	0	0	0	0	0	2	0
ASV_3550	0	0	0	0	0	0	0	0	0	0	0	0
ASV_3551	0	0	0	0	0	0	0	0	0	0	0	0
ASV_3552	0	0	0	0	0	0	0	0	0	0	0	0
ASV_3553	0	0	0	0	0	0	0	0	0	0	0	0
ASV_3554	0	0	0	0	0	0	0	0	0	0	0	0
ASV_3555	0	0	0	0	0	0	0	0	0	0	0	2
ASV_3556	0	0	0	0	0	0	0	0	0	0	0	2
ASV_3557	0	0	0	0	0	0	0	0	0	0	0	2
ASV_3558	0	0	0	0	2	0	0	0	0	0	0	0
ASV_3559	0	0	0	0	2	0	0	0	0	0	0	0
ASV_3560	0	0	0	2	0	0	0	0	0	0	0	0
ASV_3561	0	0	0	2	0	0	0	0	0	0	0	0
ASV_3562	0	0	0	2	0	0	0	0	0	0	0	0
ASV_3563	0	0	2	0	0	0	0	0	0	0	0	0
ASV_3567	0	0	0	0	0	0	0	0	0	0	0	0
ASV_3568	0	0	0	0	0	0	0	0	0	0	0	0
ASV_3569	0	0	0	0	0	0	0	0	0	0	0	0
ASV_3570	0	0	0	0	0	0	0	0	0	0	0	0
ASV_3571	0	2	0	0	0	0	0	0	0	0	0	0
ASV_3572	0	2	0	0	0	0	0	0	0	0	0	0
ASV_3573	0	2	0	0	0	0	0	0	0	0	0	0
ASV_3574	0	0	0	0	0	0	0	0	0	0	0	0
ASV_3575	2	0	0	0	0	0	0	0	0	0	0	0
ASV_3576	2	0	0	0	0	0	0	0	0	0	0	0
ASV_3577	2	0	0	0	0	0	0	0	0	0	0	0
ASV_3578	2	0	0	0	0	0	0	0	0	0	0	0
ASV_3579	0	0	0	0	0	0	0	0	0	0	0	0
ASV_3580	0	0	0	0	0	0	0	0	0	0	0	0
